1, 533
2, 137
3, 163
4, 614
5, 402
6, 214
7, 474
8, 494
9, 424
10, 263
11, 689
12, 294
13, 475
14, 331
15, 415
16, 746
17, 559
18, 448
19, 609
20, 508
21, 431
22, 403
23, 322
24, 307
25, 279
26, 151
27, 491
28, 718
29, 338
30, 247
31, 267
32, 519
33, 247
34, 313
35, 370
36, 315
37, 308
38, 242
39, 563
40, 193
41, 150
42, 509
43, 308
44, 602
45, 97
46, 629
47, 466
48, 367
49, 653
50, 705
51, 255
52, 400
53, 643
54, 502
55, 622
56, 129
57, 110
58, 437
59, 238
60, 474
61, 135
62, 687
63, 537
64, 302
65, 669
66, 658
67, 329
68, 618
69, 565
70, 173
71, 506
72, 502
73, 421
74, 297
75, 124
76, 302
77, 507
78, 383
79, 244
80, 685
81, 385
82, 491
83, 733
84, 510
85, 236
86, 545
87, 342
88, 151
89, 294
90, 138
91, 504
92, 158
93, 176
94, 111
95, 259
96, 402
97, 106
98, 348
99, 431
100, 390
101, 130
102, 418
103, 169
104, 671
105, 650
106, 521
107, 320
108, 375
109, 740
110, 398
111, 638
112, 200
113, 413
114, 168
115, 118
116, 759
117, 494
118, 274
119, 421
120, 421
121, 566
122, 394
123, 725
124, 206
125, 428
126, 313
127, 312
128, 100
129, 279
130, 422
131, 431
132, 352
133, 136
134, 461
135, 761
136, 705
137, 627
138, 494
139, 321
140, 330
141, 716
142, 440
143, 463
144, 94
145, 397
146, 715
147, 114
148, 707
149, 478
150, 602
151, 524
152, 475
153, 492
154, 365
155, 687
156, 102
157, 508
158, 283
159, 316
160, 372
161, 291
162, 501
163, 454
164, 545
165, 295
166, 444
167, 106
168, 221
169, 380
170, 560
171, 529
172, 564
173, 265
174, 314
175, 736
176, 426
177, 321
178, 234
179, 531
180, 123
181, 160
182, 341
183, 438
184, 631
185, 105
186, 409
187, 238
188, 494
189, 631
190, 735
191, 504
192, 279
193, 723
194, 597
195, 350
196, 456
197, 570
198, 174
199, 297
200, 481
201, 420
202, 305
203, 121
204, 293
205, 512
206, 368
207, 231
208, 436
209, 332
210, 295
211, 510
212, 301
213, 97
214, 522
215, 141
216, 662
217, 126
218, 585
219, 452
220, 446
221, 642
222, 719
223, 588
224, 300
225, 702
226, 132
227, 372
228, 148
229, 401
230, 234
231, 498
232, 453
233, 476
234, 471
235, 612
236, 321
237, 492
238, 369
239, 391
240, 144
241, 514
242, 493
243, 423
244, 510
245, 279
246, 621
247, 342
248, 150
249, 297
250, 518
251, 455
252, 474
253, 158
254, 109
255, 115
256, 460
257, 101
258, 304
259, 359
260, 353
261, 628
262, 249
263, 673
264, 541
265, 661
266, 297
267, 160
268, 307
269, 533
270, 413
271, 433
272, 692
273, 407
274, 721
275, 611
276, 705
277, 458
278, 664
279, 519
280, 348
281, 457
282, 170
283, 493
284, 186
285, 329
286, 252
287, 288
288, 545
289, 251
290, 316
291, 426
292, 325
293, 298
294, 231
295, 589
296, 87
297, 163
298, 517
299, 314
300, 551
301, 96
302, 624
303, 473
304, 325
305, 634
306, 751
307, 269
308, 395
309, 692
310, 133
311, 414
312, 399
313, 522
314, 339
315, 178
316, 236
317, 422
318, 460
319, 283
320, 613
321, 430
322, 571
323, 632
324, 346
325, 296
326, 446
327, 102
328, 233
329, 329
330, 681
331, 510
332, 411
333, 263
334, 144
335, 679
336, 202
337, 140
338, 105
339, 263
340, 111
341, 474
342, 298
343, 412
344, 436
345, 413
346, 388
347, 226
348, 232
349, 432
350, 313
351, 482
352, 119
353, 308
354, 419
355, 134
356, 450
357, 343
358, 679
359, 232
360, 239
361, 196
362, 716
363, 318
364, 394
365, 741
366, 432
367, 611
368, 209
369, 409
370, 170
371, 126
372, 736
373, 517
374, 268
375, 420
376, 420
377, 412
378, 208
379, 697
380, 236
381, 421
382, 287
383, 488
384, 97
385, 286
386, 400
387, 467
388, 417
389, 327
390, 695
391, 245
392, 236
393, 200
394, 554
395, 393
396, 586
397, 249
398, 150
399, 165
400, 276
401, 130
402, 216
403, 277
404, 242
405, 641
406, 304
407, 589
408, 421
409, 735
410, 235
411, 95
412, 259
413, 440
414, 493
415, 522
416, 649
417, 507
418, 598
419, 625
420, 412
421, 566
422, 723
423, 275
424, 281
425, 251
426, 110
427, 384
428, 128
429, 274
430, 344
431, 182
432, 410
433, 342
434, 267
435, 533
436, 297
437, 349
438, 349
439, 634
440, 126
441, 102
442, 417
443, 228
444, 456
445, 620
446, 698
447, 505
448, 265
449, 693
450, 604
451, 324
452, 424
453, 502
454, 163
455, 336
456, 485
457, 405
458, 263
459, 118
460, 284
461, 493
462, 380
463, 229
464, 629
465, 560
466, 518
467, 694
468, 318
469, 241
470, 521
471, 145
472, 152
473, 125
474, 667
475, 494
476, 656
477, 155
478, 520
479, 393
480, 316
481, 553
482, 136
483, 364
484, 666
485, 389
486, 215
487, 476
488, 441
489, 401
490, 296
491, 640
492, 333
493, 486
494, 350
495, 216
496, 149
497, 337
498, 448
499, 503
500, 462
501, 256
502, 589
503, 323
504, 340
505, 293
506, 690
507, 442
508, 727
509, 328
510, 109
511, 128
512, 525
513, 107
514, 323
515, 347
516, 331
517, 623
518, 245
519, 701
520, 541
521, 650
522, 293
523, 333
524, 304
525, 532
526, 404
527, 427
528, 176
529, 410
530, 699
531, 108
532, 691
533, 435
534, 606
535, 495
536, 355
537, 451
538, 156
539, 674
540, 89
541, 336
542, 270
543, 289
544, 525
545, 255
546, 501
547, 410
548, 550
549, 329
550, 434
551, 627
552, 108
553, 356
554, 572
555, 535
556, 606
557, 243
558, 150
559, 699
560, 234
561, 155
562, 112
563, 318
564, 126
565, 168
566, 323
567, 434
568, 624
569, 547
570, 410
571, 224
572, 437
573, 621
574, 504
575, 523
576, 130
577, 481
578, 416
579, 142
580, 464
581, 526
582, 693
583, 284
584, 489
585, 392
586, 255
587, 568
588, 276
589, 488
590, 341
591, 206
592, 458
593, 350
594, 110
595, 274
596, 118
597, 496
598, 266
599, 410
600, 440
601, 387
602, 398
603, 224
604, 226
605, 429
606, 499
607, 525
608, 128
609, 497
610, 402
611, 153
612, 400
613, 352
614, 685
615, 239
616, 253
617, 206
618, 266
619, 436
620, 134
621, 253
622, 146
623, 338
624, 435
625, 302
626, 240
627, 300
628, 237
629, 106
630, 520
631, 141
632, 148
633, 138
634, 470
635, 259
636, 494
637, 165
638, 623
639, 617
640, 467
641, 742
642, 299
643, 339
644, 157
645, 613
646, 219
647, 519
648, 492
649, 488
650, 276
651, 146
652, 312
653, 506
654, 371
655, 414
656, 713
657, 378
658, 494
659, 528
660, 506
661, 440
662, 420
663, 321
664, 317
665, 293
666, 164
667, 482
668, 682
669, 341
670, 320
671, 540
672, 630
673, 479
674, 572
675, 670
676, 612
677, 556
678, 666
679, 285
680, 265
681, 414
682, 111
683, 414
684, 128
685, 309
686, 332
687, 201
688, 436
689, 312
690, 254
691, 573
692, 297
693, 356
694, 562
695, 670
696, 133
697, 234
698, 425
699, 271
700, 507
701, 143
702, 735
703, 566
704, 299
705, 164
706, 655
707, 319
708, 693
709, 106
710, 248
711, 522
712, 759
713, 628
714, 479
715, 307
716, 328
717, 698
718, 435
719, 468
720, 148
721, 435
722, 529
723, 93
724, 548
725, 261
726, 550
727, 379
728, 375
729, 333
730, 309
731, 722
732, 176
733, 347
734, 122
735, 270
736, 396
737, 230
738, 342
739, 432
740, 366
741, 141
742, 455
743, 163
744, 721
745, 154
746, 723
747, 351
748, 406
749, 490
750, 346
751, 379
752, 147
753, 368
754, 473
755, 543
756, 474
757, 239
758, 573
759, 332
760, 335
761, 289
762, 718
763, 443
764, 663
765, 365
766, 108
767, 265
768, 496
769, 102
770, 364
771, 189
772, 363
773, 120
774, 466
775, 175
776, 727
777, 700
778, 466
779, 334
780, 542
781, 758
782, 415
783, 463
784, 100
785, 398
786, 177
787, 283
788, 98
789, 697
790, 142
791, 393
792, 423
793, 508
794, 219
795, 176
796, 241
797, 409
798, 507
799, 522
800, 588
801, 506
802, 516
803, 682
804, 386
805, 533
806, 461
807, 262
808, 243
809, 241
810, 110
811, 516
812, 626
813, 269
814, 321
815, 173
816, 402
817, 285
818, 245
819, 501
820, 133
821, 331
822, 332
823, 597
824, 407
825, 527
826, 331
827, 176
828, 229
829, 399
830, 449
831, 271
832, 561
833, 445
834, 564
835, 623
836, 238
837, 298
838, 448
839, 117
840, 272
841, 347
842, 552
843, 488
844, 598
845, 259
846, 304
847, 681
848, 418
849, 296
850, 234
851, 454
852, 132
853, 675
854, 294
855, 454
856, 452
857, 380
858, 420
859, 256
860, 454
861, 472
862, 489
863, 550
864, 299
865, 493
866, 673
867, 358
868, 666
869, 396
870, 351
871, 471
872, 467
873, 434
874, 302
875, 647
876, 303
877, 294
878, 362
879, 201
880, 634
881, 354
882, 475
883, 547
884, 490
885, 264
886, 559
887, 346
888, 157
889, 298
890, 463
891, 465
892, 507
893, 172
894, 109
895, 119
896, 506
897, 102
898, 313
899, 374
900, 336
901, 546
902, 182
903, 463
904, 279
905, 432
906, 116
907, 616
908, 125
909, 304
910, 352
911, 372
912, 481
913, 328
914, 467
915, 543
916, 470
917, 202
918, 561
919, 297
920, 137
921, 248
922, 525
923, 255
924, 502
925, 151
926, 105
927, 119
928, 312
929, 100
930, 282
931, 348
932, 276
933, 625
934, 205
935, 536
936, 491
937, 697
938, 301
939, 137
940, 516
941, 759
942, 407
943, 428
944, 175
945, 440
946, 526
947, 120
948, 560
949, 413
950, 634
951, 370
952, 524
953, 506
954, 333
955, 700
956, 219
957, 553
958, 264
959, 282
960, 401
961, 265
962, 327
963, 450
964, 387
965, 284
966, 462
967, 110
968, 240
969, 322
970, 560
971, 515
972, 395
973, 231
974, 142
975, 701
976, 217
977, 139
978, 300
979, 721
980, 314
981, 236
982, 565
983, 152
984, 145
985, 135
986, 645
987, 464
988, 632
989, 155
990, 594
991, 603
992, 315
993, 755
994, 141
995, 210
996, 154
997, 645
998, 223
999, 502
1000, 496
1001, 469
1002, 511
1003, 143
1004, 575
1005, 507
1006, 370
1007, 389
1008, 161
1009, 556
1010, 477
1011, 571
1012, 512
1013, 267
1014, 110
1015, 407
1016, 232
1017, 516
1018, 165
1019, 682
1020, 98
1021, 223
1022, 290
1023, 311
1024, 755
1025, 259
1026, 387
1027, 440
1028, 418
1029, 311
1030, 473
1031, 218
1032, 100
1033, 365
1034, 529
1035, 202
1036, 382
1037, 104
1038, 137
1039, 155
1040, 257
1041, 131
1042, 207
1043, 293
1044, 221
1045, 671
1046, 321
1047, 575
1048, 394
1049, 726
1050, 238
1051, 90
1052, 251
1053, 341
1054, 269
1055, 287
1056, 506
1057, 278
1058, 506
1059, 400
1060, 504
1061, 293
1062, 434
1063, 563
1064, 104
1065, 337
1066, 540
1067, 337
1068, 396
1069, 107
1070, 668
1071, 494
1072, 344
1073, 657
1074, 539
1075, 279
1076, 580
1077, 703
1078, 312
1079, 429
1080, 398
1081, 534
1082, 361
1083, 89
1084, 247
1085, 394
1086, 491
1087, 300
1088, 632
1089, 476
1090, 416
1091, 663
1092, 437
1093, 549
1094, 703
1095, 288
1096, 472
1097, 402
1098, 263
1099, 575
1100, 142
1101, 506
1102, 339
1103, 226
1104, 428
1105, 357
1106, 289
1107, 484
1108, 299
1109, 96
1110, 506
1111, 144
1112, 682
1113, 127
1114, 634
1115, 467
1116, 492
1117, 685
1118, 577
1119, 604
1120, 321
1121, 781
1122, 145
1123, 371
1124, 153
1125, 433
1126, 223
1127, 464
1128, 441
1129, 469
1130, 298
1131, 453
1132, 312
1133, 305
1134, 329
1135, 372
1136, 662
1137, 326
1138, 475
1139, 557
1140, 485
1141, 248
1142, 557
1143, 324
1144, 158
1145, 282
1146, 473
1147, 258
1148, 504
1149, 161
1150, 582
1151, 111
1152, 475
1153, 98
1154, 339
1155, 372
1156, 341
1157, 681
1158, 239
1159, 695
1160, 470
1161, 672
1162, 276
1163, 150
1164, 307
1165, 513
1166, 415
1167, 484
1168, 744
1169, 566
1170, 482
1171, 666
1172, 516
1173, 416
1174, 416
1175, 317
1176, 316
1177, 303
1178, 807
1179, 483
1180, 709
1181, 306
1182, 272
1183, 297
1184, 475
1185, 268
1186, 302
1187, 412
1188, 341
1189, 135
1190, 248
1191, 390
1192, 178
1193, 163
1194, 554
1195, 337
1196, 555
1197, 572
1198, 660
1199, 477
1200, 341
1201, 651
1202, 757
1203, 279
1204, 449
1205, 498
1206, 657
1207, 349
1208, 527
1209, 491
1210, 338
1211, 695
1212, 103
1213, 541
1214, 239
1215, 292
1216, 386
1217, 241
1218, 343
1219, 407
1220, 357
1221, 271
1222, 431
1223, 116
1224, 236
1225, 341
1226, 571
1227, 547
1228, 417
1229, 237
1230, 139
1231, 703
1232, 215
1233, 136
1234, 108
1235, 257
1236, 616
1237, 489
1238, 277
1239, 409
1240, 419
1241, 589
1242, 379
1243, 226
1244, 221
1245, 420
1246, 282
1247, 312
1248, 622
1249, 270
1250, 409
1251, 658
1252, 425
1253, 330
1254, 694
1255, 245
1256, 249
1257, 396
1258, 118
1259, 389
1260, 130
1261, 116
1262, 143
1263, 161
1264, 444
1265, 137
1266, 225
1267, 314
1268, 270
1269, 777
1270, 465
1271, 681
1272, 434
1273, 607
1274, 262
1275, 224
1276, 258
1277, 474
1278, 534
1279, 597
1280, 268
1281, 519
1282, 682
1283, 146
1284, 478
1285, 372
1286, 178
1287, 248
1288, 267
1289, 234
1290, 642
1291, 464
1292, 630
1293, 278
1294, 347
1295, 347
1296, 475
1297, 316
1298, 258
1299, 524
1300, 264
1301, 176
1302, 341
1303, 124
1304, 126
1305, 104
1306, 465
1307, 247
1308, 491
1309, 663
1310, 682
1311, 602
1312, 285
1313, 728
1314, 122
1315, 349
1316, 138
1317, 438
1318, 178
1319, 300
1320, 494
1321, 441
1322, 602
1323, 551
1324, 672
1325, 270
1326, 312
1327, 661
1328, 438
1329, 313
1330, 257
1331, 499
1332, 128
1333, 164
1334, 347
1335, 424
1336, 619
1337, 103
1338, 401
1339, 238
1340, 469
1341, 642
1342, 725
1343, 537
1344, 277
1345, 723
1346, 432
1347, 307
1348, 475
1349, 523
1350, 170
1351, 307
1352, 453
1353, 403
1354, 301
1355, 120
1356, 287
1357, 535
1358, 384
1359, 249
1360, 428
1361, 330
1362, 273
1363, 487
1364, 298
1365, 98
1366, 510
1367, 642
1368, 641
1369, 625
1370, 470
1371, 467
1372, 494
1373, 689
1374, 516
1375, 399
1376, 321
1377, 509
1378, 146
1379, 338
1380, 707
1381, 398
1382, 217
1383, 459
1384, 456
1385, 431
1386, 295
1387, 657
1388, 291
1389, 508
1390, 346
1391, 206
1392, 160
1393, 336
1394, 458
1395, 576
1396, 527
1397, 274
1398, 591
1399, 314
1400, 173
1401, 282
1402, 471
1403, 435
1404, 526
1405, 169
1406, 106
1407, 115
1408, 501
1409, 96
1410, 328
1411, 330
1412, 341
1413, 642
1414, 255
1415, 716
1416, 517
1417, 697
1418, 279
1419, 151
1420, 318
1421, 540
1422, 420
1423, 461
1424, 698
1425, 383
1426, 735
1427, 579
1428, 783
1429, 477
1430, 601
1431, 560
1432, 351
1433, 473
1434, 176
1435, 492
1436, 166
1437, 329
1438, 246
1439, 292
1440, 501
1441, 238
1442, 305
1443, 393
1444, 322
1445, 129
1446, 236
1447, 559
1448, 740
1449, 150
1450, 535
1451, 324
1452, 550
1453, 592
1454, 677
1455, 467
1456, 339
1457, 638
1458, 543
1459, 256
1460, 415
1461, 472
1462, 127
1463, 369
1464, 552
1465, 524
1466, 317
1467, 694
1468, 225
1469, 380
1470, 437
1471, 290
1472, 393
1473, 454
1474, 386
1475, 708
1476, 393
1477, 521
1478, 473
1479, 278
1480, 262
1481, 345
1482, 118
1483, 394
1484, 126
1485, 260
1486, 321
1487, 170
1488, 413
1489, 328
1490, 264
1491, 458
1492, 276
1493, 753
1494, 313
1495, 668
1496, 447
1497, 622
1498, 422
1499, 254
1500, 452
1501, 503
1502, 486
1503, 521
1504, 286
1505, 511
1506, 636
1507, 331
1508, 631
1509, 563
1510, 185
1511, 237
1512, 97
1513, 336
1514, 111
1515, 198
1516, 660
1517, 108
1518, 564
1519, 156
1520, 423
1521, 129
1522, 204
1523, 296
1524, 236
1525, 737
1526, 299
1527, 610
1528, 433
1529, 600
1530, 240
1531, 97
1532, 259
1533, 446
1534, 497
1535, 509
1536, 234
1537, 507
1538, 631
1539, 663
1540, 638
1541, 524
1542, 175
1543, 479
1544, 260
1545, 414
1546, 108
1547, 424
1548, 128
1549, 295
1550, 366
1551, 217
1552, 496
1553, 329
1554, 504
1555, 522
1556, 491
1557, 225
1558, 399
1559, 281
