0, 57
1, 76
2, 151
3, 35
4, 41
5, 118
6, 74
7, 44
8, 225
9, 219
10, 200
11, 194
12, 191
13, 99
14, 23
15, 13
16, 166
17, 73
18, 41
19, 169
20, 39
21, 66
22, 108
23, 282
24, 182
25, 87
26, 89
27, 44
28, 274
29, 92
30, 23
31, 101
32, 28
33, 202
34, 69
35, 314
36, 56
37, 87
38, 112
39, 45
40, 152
41, 149
42, 82
43, 11
44, 5
45, 80
46, 151
47, 279
48, 222
49, 169
50, 48
51, 18
52, 41
53, 139
54, 121
55, 252
56, 7
57, 309
58, 142
59, 47
60, 237
61, 56
62, 57
63, 164
64, 94
65, 313
66, 145
67, 41
68, 39
69, 172
70, 168
71, 144
72, 18
73, 211
74, 32
75, 42
76, 153
77, 174
78, 158
79, 156
80, 193
81, 353
82, 36
83, 210
84, 172
85, 265
86, 85
87, 24
88, 78
89, 50
90, 105
91, 150
92, 54
93, 221
94, 133
95, 34
96, 48
97, 306
98, 180
99, 72
100, 67
101, 128
102, 171
103, 28
104, 229
105, 99
106, 40
107, 80
108, 165
109, 143
110, 138
111, 120
112, 36
113, 130
114, 4
115, 161
116, 22
117, 284
118, 16
119, 42
120, 194
121, 107
122, 176
123, 224
124, 194
125, 103
126, 109
127, 93
128, 157
129, 10
130, 4
131, 21
132, 165
133, 286
134, 184
135, 77
136, 43
137, 169
138, 77
139, 71
140, 237
141, 24
142, 73
143, 138
144, 3
145, 4
146, 53
147, 5
148, 52
149, 89
150, 212
151, 2
152, 277
153, 131
154, 10
155, 2
156, 165
157, 44
158, 121
159, 89
160, 31
161, 21
162, 19
163, 16
164, 175
165, 54
166, 2
167, 104
168, 131
169, 238
170, 216
171, 361
172, 156
173, 40
174, 331
175, 143
176, 170
177, 98
178, 79
179, 33
180, 114
181, 60
182, 124
183, 45
184, 241
185, 268
186, 270
187, 90
188, 153
189, 194
190, 175
191, 30
192, 145
193, 125
194, 171
195, 37
196, 5
197, 189
198, 82
199, 218
200, 91
201, 189
202, 338
203, 170
204, 143
205, 44
206, 103
207, 101
208, 17
209, 273
210, 112
211, 23
212, 31
213, 186
214, 43
215, 70
216, 281
217, 78
218, 38
219, 284
220, 50
221, 18
222, 172
223, 64
224, 73
225, 125
226, 130
227, 102
228, 134
229, 180
230, 7
231, 21
232, 397
233, 249
234, 293
235, 82
236, 89
237, 59
238, 51
239, 107
240, 112
241, 50
242, 124
243, 71
244, 280
245, 218
246, 81
247, 113
248, 177
249, 121
250, 23
251, 65
252, 130
253, 78
254, 27
255, 185
256, 24
257, 147
258, 124
259, 162
260, 67
261, 19
262, 152
263, 212
264, 42
265, 47
266, 98
267, 242
268, 179
269, 225
270, 130
271, 312
272, 24
273, 218
274, 213
275, 313
276, 120
277, 222
278, 127
279, 309
280, 56
281, 198
282, 33
283, 244
284, 9
285, 53
286, 168
287, 215
288, 75
289, 21
290, 92
291, 139
292, 183
293, 51
294, 53
295, 56
296, 233
297, 91
298, 166
299, 24
300, 86
301, 160
302, 183
303, 238
304, 233
305, 114
306, 181
307, 169
308, 57
309, 142
310, 212
311, 33
312, 178
313, 81
314, 112
315, 126
316, 12
317, 14
318, 11
319, 140
320, 138
321, 1
322, 14
323, 20
324, 183
325, 70
326, 35
327, 157
328, 2
329, 196
330, 169
331, 132
332, 96
333, 109
334, 30
335, 41
336, 57
337, 80
338, 106
339, 36
340, 85
341, 184
342, 59
343, 186
344, 126
345, 61
346, 180
347, 130
348, 219
349, 23
350, 73
351, 131
352, 241
353, 66
354, 112
355, 214
356, 37
357, 89
358, 77
359, 91
360, 65
361, 89
362, 43
363, 172
364, 28
365, 266
366, 233
367, 213
368, 173
369, 315
370, 147
371, 2
372, 191
373, 348
374, 37
375, 235
376, 94
377, 321
378, 324
379, 308
380, 130
381, 96
382, 27
383, 148
384, 174
385, 95
386, 26
387, 237
388, 38
389, 131
390, 157
391, 59
392, 49
393, 191
394, 47
395, 95
396, 142
397, 43
398, 115
399, 43
400, 293
401, 31
402, 31
403, 27
404, 72
405, 127
406, 34
407, 233
408, 252
409, 48
410, 20
411, 48
412, 202
413, 39
414, 126
415, 139
416, 62
417, 23
418, 161
419, 57
420, 211
421, 160
422, 3
423, 26
424, 133
425, 107
426, 47
427, 51
428, 99
429, 220
430, 142
431, 13
432, 318
433, 38
434, 65
435, 91
436, 34
437, 27
438, 83
439, 335
440, 118
441, 194
442, 112
443, 26
444, 3
445, 87
446, 67
447, 26
448, 59
449, 273
450, 20
451, 60
452, 1
453, 86
454, 39
455, 214
456, 252
457, 173
458, 115
459, 122
460, 59
461, 57
462, 16
463, 25
464, 234
465, 117
466, 144
467, 34
468, 16
469, 41
470, 100
471, 47
472, 364
473, 233
474, 136
475, 152
476, 1
477, 163
478, 180
479, 67
480, 7
481, 178
482, 147
483, 146
484, 50
485, 24
486, 81
487, 167
488, 10
489, 41
490, 65
491, 182
492, 21
493, 9
494, 416
495, 145
496, 145
497, 142
498, 20
499, 139
500, 244
501, 77
502, 118
503, 50
504, 171
505, 108
506, 276
507, 185
508, 16
509, 163
510, 126
511, 174
512, 162
513, 57
514, 130
515, 169
516, 170
517, 12
518, 55
519, 20
520, 85
521, 1
522, 112
523, 12
524, 219
525, 147
526, 65
527, 276
528, 169
529, 174
530, 112
531, 66
532, 5
533, 24
534, 174
535, 102
536, 106
537, 3
538, 124
539, 66
540, 47
541, 118
542, 152
543, 170
544, 47
545, 237
546, 28
547, 92
548, 133
549, 113
550, 79
551, 4
552, 96
553, 136
554, 123
555, 7
556, 163
557, 28
558, 148
559, 256
560, 143
561, 5
562, 217
563, 89
564, 1
565, 131
566, 68
567, 25
568, 171
569, 151
570, 119
571, 59
572, 221
573, 77
574, 206
575, 119
576, 185
577, 21
578, 236
579, 227
580, 244
581, 24
582, 95
583, 17
584, 112
585, 128
586, 61
587, 163
588, 74
589, 96
590, 202
591, 151
592, 81
593, 28
594, 27
595, 95
596, 134
597, 73
598, 224
599, 103
600, 95
601, 114
602, 19
603, 43
604, 137
605, 59
606, 65
607, 122
608, 129
609, 172
610, 104
611, 43
612, 107
613, 56
614, 208
615, 340
616, 204
617, 68
618, 268
619, 4
620, 18
621, 37
622, 22
623, 36
624, 96
625, 28
626, 95
627, 84
628, 90
629, 4
630, 22
631, 132
632, 88
633, 123
634, 85
635, 1
636, 186
637, 17
638, 62
639, 305
640, 25
641, 87
642, 143
643, 134
644, 138
645, 128
646, 150
647, 189
648, 78
649, 245
650, 145
651, 55
652, 59
653, 20
654, 31
655, 34
656, 225
657, 84
658, 30
659, 55
660, 84
661, 101
662, 136
663, 339
664, 64
665, 139
666, 69
667, 115
668, 14
669, 185
670, 115
671, 107
672, 154
673, 146
674, 78
675, 156
676, 80
677, 137
678, 21
679, 4
680, 32
681, 61
682, 220
683, 7
684, 56
685, 37
686, 189
687, 143
688, 56
689, 17
690, 62
691, 252
692, 146
693, 10
694, 43
695, 172
696, 252
697, 52
698, 49
699, 182
700, 94
701, 40
702, 246
703, 119
704, 131
705, 167
706, 3
707, 184
708, 208
709, 55
710, 129
711, 9
712, 46
713, 25
714, 99
715, 206
716, 111
717, 263
718, 92
719, 16
720, 241
721, 149
722, 126
723, 60
724, 70
725, 76
726, 30
727, 184
728, 106
729, 59
730, 109
731, 101
732, 188
733, 23
734, 387
735, 132
736, 186
737, 33
738, 103
739, 280
740, 4
741, 120
742, 18
743, 155
744, 1
745, 133
746, 90
747, 103
748, 11
749, 50
750, 176
751, 76
752, 30
753, 74
754, 231
755, 46
756, 65
757, 113
758, 153
759, 268
760, 198
761, 311
762, 185
763, 1
764, 24
765, 83
766, 44
767, 31
768, 61
769, 28
770, 99
771, 126
772, 166
773, 22
774, 4
775, 1
776, 30
777, 263
778, 159
779, 121
780, 88
781, 139
782, 180
783, 281
784, 108
785, 27
786, 43
787, 52
788, 90
789, 106
790, 71
791, 211
792, 131
793, 259
794, 259
795, 92
796, 164
797, 10
798, 114
799, 273
800, 244
801, 83
802, 222
803, 190
804, 196
805, 174
806, 78
807, 36
808, 34
809, 86
810, 12
811, 85
812, 32
813, 40
814, 169
815, 272
816, 170
817, 103
818, 240
819, 28
820, 166
821, 193
822, 259
823, 99
824, 140
825, 149
826, 227
827, 43
828, 302
829, 42
830, 23
831, 135
832, 123
833, 211
834, 50
835, 149
836, 60
837, 161
838, 141
839, 28
840, 130
841, 20
842, 68
843, 71
844, 21
845, 16
846, 87
847, 32
848, 101
849, 120
850, 124
851, 222
852, 80
853, 64
854, 171
855, 171
856, 48
857, 227
858, 14
859, 415
860, 98
861, 183
862, 167
863, 11
864, 89
865, 77
866, 62
867, 43
868, 272
869, 16
870, 85
871, 162
872, 274
873, 93
874, 31
875, 126
876, 100
877, 169
878, 64
879, 170
880, 258
881, 216
882, 42
883, 5
884, 244
885, 174
886, 49
887, 187
888, 50
889, 225
890, 177
891, 164
892, 134
893, 104
894, 25
895, 221
896, 15
897, 131
898, 42
899, 206
900, 213
901, 11
902, 238
903, 131
904, 143
905, 75
906, 122
907, 74
908, 62
909, 283
910, 70
911, 69
912, 86
913, 42
914, 167
915, 198
916, 130
917, 85
918, 125
919, 177
920, 88
921, 57
922, 195
923, 172
924, 96
925, 137
926, 250
927, 122
928, 197
929, 202
930, 39
931, 209
932, 74
933, 278
934, 159
935, 161
936, 236
937, 187
938, 4
939, 85
940, 18
941, 46
942, 27
943, 185
944, 67
945, 19
946, 43
947, 24
948, 164
949, 75
950, 63
951, 153
952, 7
953, 14
954, 73
955, 172
956, 62
957, 234
958, 67
959, 77
960, 15
961, 47
962, 141
963, 1
964, 135
965, 182
966, 114
967, 64
968, 122
969, 53
970, 218
971, 176
972, 769
973, 844
974, 950
975, 810
976, 836
977, 901
978, 744
979, 881
980, 850
981, 740
982, 743
983, 844
984, 828
985, 828
986, 765
987, 908
988, 795
989, 653
990, 640
991, 712
992, 964
993, 717
994, 613
995, 598
996, 690
997, 574
998, 770
999, 563
1000, 0
1001, 57
1002, 76
1003, 151
1004, 35
1005, 41
1006, 118
1007, 74
1008, 44
1009, 225
1010, 219
1011, 200
1012, 194
1013, 191
1014, 99
1015, 23
1016, 13
1017, 166
1018, 73
1019, 41
1020, 169
1021, 39
1022, 66
1023, 108
1024, 282
1025, 182
1026, 87
1027, 89
1028, 44
1029, 274
1030, 92
1031, 23
1032, 101
1033, 28
1034, 202
1035, 69
1036, 314
1037, 56
1038, 87
1039, 112
1040, 45
1041, 152
1042, 149
1043, 82
1044, 11
1045, 5
1046, 80
1047, 151
1048, 279
1049, 222
1050, 169
1051, 48
1052, 18
1053, 41
1054, 139
1055, 121
1056, 252
1057, 7
1058, 309
1059, 142
1060, 47
1061, 237
1062, 56
1063, 57
1064, 164
1065, 94
1066, 313
1067, 145
1068, 41
1069, 39
1070, 172
1071, 168
1072, 144
1073, 18
1074, 211
1075, 32
1076, 42
1077, 153
1078, 174
1079, 158
1080, 156
1081, 193
1082, 353
1083, 36
1084, 210
1085, 172
1086, 265
1087, 85
1088, 24
1089, 78
1090, 50
1091, 105
1092, 150
1093, 54
1094, 221
1095, 133
1096, 34
1097, 48
1098, 306
1099, 180
1100, 72
1101, 67
1102, 128
1103, 171
1104, 28
1105, 229
1106, 99
1107, 40
1108, 80
1109, 165
1110, 143
1111, 138
1112, 120
1113, 36
1114, 130
1115, 4
1116, 161
1117, 22
1118, 284
1119, 16
1120, 42
1121, 194
1122, 107
1123, 176
1124, 224
1125, 194
1126, 103
1127, 109
1128, 93
1129, 157
1130, 10
1131, 4
1132, 21
1133, 165
1134, 286
1135, 184
1136, 77
1137, 43
1138, 169
1139, 77
1140, 71
1141, 237
1142, 24
1143, 73
1144, 138
1145, 3
1146, 4
1147, 53
1148, 5
1149, 52
1150, 89
1151, 212
1152, 2
1153, 277
1154, 131
1155, 10
1156, 2
1157, 165
1158, 44
1159, 121
1160, 89
1161, 31
1162, 21
1163, 19
1164, 16
1165, 175
1166, 54
1167, 2
1168, 104
1169, 131
1170, 238
1171, 216
1172, 361
1173, 156
1174, 40
1175, 331
1176, 143
1177, 170
1178, 98
1179, 79
1180, 33
1181, 114
1182, 60
1183, 124
1184, 45
1185, 241
1186, 268
1187, 270
1188, 90
1189, 153
1190, 194
1191, 175
1192, 30
1193, 145
1194, 125
1195, 171
1196, 37
1197, 5
1198, 189
1199, 82
1200, 218
1201, 91
1202, 189
1203, 338
1204, 170
1205, 143
1206, 44
1207, 103
1208, 101
1209, 17
1210, 273
1211, 112
1212, 23
1213, 31
1214, 186
1215, 43
1216, 70
1217, 281
1218, 78
1219, 38
1220, 284
1221, 50
1222, 18
1223, 172
1224, 64
1225, 73
1226, 125
1227, 130
1228, 102
1229, 134
1230, 180
1231, 7
1232, 21
1233, 397
1234, 249
1235, 293
1236, 82
1237, 89
1238, 59
1239, 51
1240, 107
1241, 112
1242, 50
1243, 124
1244, 71
1245, 280
1246, 218
1247, 81
1248, 113
1249, 177
1250, 121
1251, 23
1252, 65
1253, 130
1254, 78
1255, 27
1256, 185
1257, 24
1258, 147
1259, 124
1260, 162
1261, 67
1262, 19
1263, 152
1264, 212
1265, 42
1266, 47
1267, 98
1268, 242
1269, 179
1270, 225
1271, 130
1272, 312
1273, 24
1274, 218
1275, 213
1276, 313
1277, 120
1278, 222
1279, 127
1280, 309
1281, 56
1282, 198
1283, 33
1284, 244
1285, 9
1286, 53
1287, 168
1288, 215
1289, 75
1290, 21
1291, 92
1292, 139
1293, 183
1294, 51
1295, 53
1296, 56
1297, 233
1298, 91
1299, 166
1300, 24
1301, 86
1302, 160
1303, 183
1304, 238
1305, 233
1306, 114
1307, 181
1308, 169
1309, 57
1310, 142
1311, 212
1312, 33
1313, 178
1314, 81
1315, 112
1316, 126
1317, 12
1318, 14
1319, 11
1320, 140
1321, 138
1322, 1
1323, 14
1324, 20
1325, 183
1326, 70
1327, 35
1328, 157
1329, 2
1330, 196
1331, 169
1332, 132
1333, 96
1334, 109
1335, 30
1336, 41
1337, 57
1338, 80
1339, 106
1340, 36
1341, 85
1342, 184
1343, 59
1344, 186
1345, 126
1346, 61
1347, 180
1348, 130
1349, 219
1350, 23
1351, 73
1352, 131
1353, 241
1354, 66
1355, 112
1356, 214
1357, 37
1358, 89
1359, 77
1360, 91
1361, 65
1362, 89
1363, 43
1364, 172
1365, 28
1366, 266
1367, 233
1368, 213
1369, 173
1370, 315
1371, 147
1372, 2
1373, 191
1374, 348
1375, 37
1376, 235
1377, 94
1378, 321
1379, 324
1380, 308
1381, 130
1382, 96
1383, 27
1384, 148
1385, 174
1386, 95
1387, 26
1388, 237
1389, 38
1390, 131
1391, 157
1392, 59
1393, 49
1394, 191
1395, 47
1396, 95
1397, 142
1398, 43
1399, 115
1400, 43
1401, 293
1402, 31
1403, 31
1404, 27
1405, 72
1406, 127
1407, 34
1408, 233
1409, 252
1410, 48
1411, 20
1412, 48
1413, 202
1414, 39
1415, 126
1416, 139
1417, 62
1418, 23
1419, 161
1420, 57
1421, 211
1422, 160
1423, 3
1424, 26
1425, 133
1426, 107
1427, 47
1428, 51
1429, 99
1430, 220
1431, 142
1432, 13
1433, 318
1434, 38
1435, 65
1436, 91
1437, 34
1438, 27
1439, 83
1440, 335
1441, 118
1442, 194
1443, 112
1444, 26
1445, 3
1446, 87
1447, 67
1448, 26
1449, 59
1450, 273
1451, 20
1452, 60
1453, 1
1454, 86
1455, 39
1456, 214
1457, 252
1458, 173
1459, 115
1460, 122
1461, 59
1462, 57
1463, 16
1464, 25
1465, 234
1466, 117
1467, 144
1468, 34
1469, 16
1470, 41
1471, 100
1472, 47
1473, 364
1474, 233
1475, 136
1476, 152
1477, 1
1478, 163
1479, 180
1480, 67
1481, 7
1482, 178
1483, 147
1484, 146
1485, 50
1486, 24
1487, 81
1488, 167
1489, 10
1490, 41
1491, 65
1492, 182
1493, 21
1494, 9
1495, 416
1496, 145
1497, 145
1498, 142
1499, 20
1500, 139
1501, 244
1502, 77
1503, 118
1504, 50
1505, 171
1506, 108
1507, 276
1508, 185
1509, 16
1510, 163
1511, 126
1512, 174
1513, 162
1514, 57
1515, 130
1516, 169
1517, 170
1518, 12
1519, 55
1520, 20
1521, 85
1522, 1
1523, 112
1524, 12
1525, 219
1526, 147
1527, 65
1528, 276
1529, 169
1530, 174
1531, 112
1532, 66
1533, 5
1534, 24
1535, 174
1536, 102
1537, 106
1538, 3
1539, 124
1540, 66
1541, 47
1542, 118
1543, 152
1544, 170
1545, 47
1546, 237
1547, 28
1548, 92
1549, 133
1550, 113
1551, 79
1552, 4
1553, 96
1554, 136
1555, 123
1556, 7
1557, 163
1558, 28
1559, 148
1560, 256
1561, 143
1562, 5
1563, 217
1564, 89
1565, 1
1566, 131
1567, 68
1568, 25
1569, 171
1570, 151
1571, 119
1572, 59
1573, 221
1574, 77
1575, 206
1576, 119
1577, 185
1578, 21
1579, 236
1580, 227
1581, 244
1582, 24
1583, 95
1584, 17
1585, 112
1586, 128
1587, 61
1588, 163
1589, 74
1590, 96
1591, 202
1592, 151
1593, 81
1594, 28
1595, 27
1596, 95
1597, 134
1598, 73
1599, 224
1600, 103
1601, 95
1602, 114
1603, 19
1604, 43
1605, 137
1606, 59
1607, 65
1608, 122
1609, 129
1610, 172
1611, 104
1612, 43
1613, 107
1614, 56
1615, 208
1616, 340
1617, 204
1618, 68
1619, 268
1620, 4
1621, 18
1622, 37
1623, 22
1624, 36
1625, 96
1626, 28
1627, 95
1628, 84
1629, 90
1630, 4
1631, 22
1632, 132
1633, 88
1634, 123
1635, 85
1636, 1
1637, 186
1638, 17
1639, 62
1640, 305
1641, 25
1642, 87
1643, 143
1644, 134
1645, 138
1646, 128
1647, 150
1648, 189
1649, 78
1650, 245
1651, 145
1652, 55
1653, 59
1654, 20
1655, 31
1656, 34
1657, 225
1658, 84
1659, 30
1660, 55
1661, 84
1662, 101
1663, 136
1664, 339
1665, 64
1666, 139
1667, 69
1668, 115
1669, 14
1670, 185
1671, 115
1672, 107
1673, 154
1674, 146
1675, 78
1676, 156
1677, 80
1678, 137
1679, 21
1680, 4
1681, 32
1682, 61
1683, 220
1684, 7
1685, 56
1686, 37
1687, 189
1688, 143
1689, 56
1690, 17
1691, 62
1692, 252
1693, 146
1694, 10
1695, 43
1696, 172
1697, 252
1698, 52
1699, 49
1700, 182
1701, 94
1702, 40
1703, 246
1704, 119
1705, 131
1706, 167
1707, 3
1708, 184
1709, 208
1710, 55
1711, 129
1712, 9
1713, 46
1714, 25
1715, 99
1716, 206
1717, 111
1718, 263
1719, 92
1720, 16
1721, 241
1722, 149
1723, 126
1724, 60
1725, 70
1726, 76
1727, 30
1728, 184
1729, 106
1730, 59
1731, 109
1732, 101
1733, 188
1734, 23
1735, 387
1736, 132
1737, 186
1738, 33
1739, 103
1740, 280
1741, 4
1742, 120
1743, 18
1744, 155
1745, 1
1746, 133
1747, 90
1748, 103
1749, 11
1750, 50
1751, 176
1752, 76
1753, 30
1754, 74
1755, 231
1756, 46
1757, 65
1758, 113
1759, 153
1760, 268
1761, 198
1762, 311
1763, 185
1764, 1
1765, 24
1766, 83
1767, 44
1768, 31
1769, 61
1770, 28
1771, 99
1772, 126
1773, 166
1774, 22
1775, 4
1776, 1
1777, 30
1778, 263
1779, 159
1780, 121
1781, 88
1782, 139
1783, 180
1784, 281
1785, 108
1786, 27
1787, 43
1788, 52
1789, 90
1790, 106
1791, 71
1792, 211
1793, 131
1794, 259
1795, 259
1796, 92
1797, 164
1798, 10
1799, 114
1800, 273
1801, 244
1802, 83
1803, 222
1804, 190
1805, 196
1806, 174
1807, 78
1808, 36
1809, 34
1810, 86
1811, 12
1812, 85
1813, 32
1814, 40
1815, 169
1816, 272
1817, 170
1818, 103
1819, 240
1820, 28
1821, 166
1822, 193
1823, 259
1824, 99
1825, 140
1826, 149
1827, 227
1828, 43
1829, 302
1830, 42
1831, 23
1832, 135
1833, 123
1834, 211
1835, 50
1836, 149
1837, 60
1838, 161
1839, 141
1840, 28
1841, 130
1842, 20
1843, 68
1844, 71
1845, 21
1846, 16
1847, 87
1848, 32
1849, 101
1850, 120
1851, 124
1852, 222
1853, 80
1854, 64
1855, 171
1856, 171
1857, 48
1858, 227
1859, 14
1860, 415
1861, 98
1862, 183
1863, 167
1864, 11
1865, 89
1866, 77
1867, 62
1868, 43
1869, 272
1870, 16
1871, 85
1872, 162
1873, 274
1874, 93
1875, 31
1876, 126
1877, 100
1878, 169
1879, 64
1880, 170
1881, 258
1882, 216
1883, 42
1884, 5
1885, 244
1886, 174
1887, 49
1888, 187
1889, 50
1890, 225
1891, 177
1892, 164
1893, 134
1894, 104
1895, 25
1896, 221
1897, 15
1898, 131
1899, 42
1900, 206
1901, 213
1902, 11
1903, 238
1904, 131
1905, 143
1906, 75
1907, 122
1908, 74
1909, 62
1910, 283
1911, 70
1912, 69
1913, 86
1914, 42
1915, 167
1916, 198
1917, 130
1918, 85
1919, 125
1920, 177
1921, 88
1922, 57
1923, 195
1924, 172
1925, 96
1926, 137
1927, 250
1928, 122
1929, 197
1930, 202
1931, 39
1932, 209
1933, 74
1934, 278
1935, 159
1936, 161
1937, 236
1938, 187
1939, 4
1940, 85
1941, 18
1942, 46
1943, 27
1944, 185
1945, 67
1946, 19
1947, 43
1948, 24
1949, 164
1950, 75
1951, 63
1952, 153
1953, 7
1954, 14
1955, 73
1956, 172
1957, 62
1958, 234
1959, 67
1960, 77
1961, 15
1962, 47
1963, 141
1964, 1
1965, 135
1966, 182
1967, 114
1968, 64
1969, 122
1970, 53
1971, 218
1972, 176
1973, 769
1974, 844
1975, 950
1976, 810
1977, 836
1978, 901
1979, 744
1980, 881
1981, 850
1982, 740
1983, 743
1984, 844
1985, 828
1986, 828
1987, 765
1988, 908
1989, 795
1990, 653
1991, 640
1992, 712
1993, 964
1994, 717
1995, 613
1996, 598
1997, 690
1998, 574
1999, 770
2000, 563
2001, 0
2002, 57
2003, 76
2004, 151
2005, 35
2006, 41
2007, 118
2008, 74
2009, 44
2010, 225
2011, 219
2012, 200
2013, 194
2014, 191
2015, 99
2016, 23
2017, 13
2018, 166
2019, 73
2020, 41
2021, 169
2022, 39
2023, 66
2024, 108
2025, 282
2026, 182
2027, 87
2028, 89
2029, 44
2030, 274
2031, 92
2032, 23
2033, 101
2034, 28
2035, 202
2036, 69
2037, 314
2038, 56
2039, 87
2040, 112
2041, 45
2042, 152
2043, 149
2044, 82
2045, 11
2046, 5
2047, 80
2048, 151
2049, 279
2050, 222
2051, 169
2052, 48
2053, 18
2054, 41
2055, 139
2056, 121
2057, 252
2058, 7
2059, 309
2060, 142
2061, 47
2062, 237
2063, 56
2064, 57
2065, 164
2066, 94
2067, 313
2068, 145
2069, 41
2070, 39
2071, 172
2072, 168
2073, 144
2074, 18
2075, 211
2076, 32
2077, 42
2078, 153
2079, 174
2080, 158
2081, 156
2082, 193
2083, 353
2084, 36
2085, 210
2086, 172
2087, 265
2088, 85
2089, 24
2090, 78
2091, 50
2092, 105
2093, 150
2094, 54
2095, 221
2096, 133
2097, 34
2098, 48
2099, 306
2100, 180
2101, 72
2102, 67
2103, 128
2104, 171
2105, 28
2106, 229
2107, 99
2108, 40
2109, 80
2110, 165
2111, 143
2112, 138
2113, 120
2114, 36
2115, 130
2116, 4
2117, 161
2118, 22
2119, 284
2120, 16
2121, 42
2122, 194
2123, 107
2124, 176
2125, 224
2126, 194
2127, 103
2128, 109
2129, 93
2130, 157
2131, 10
2132, 4
2133, 21
2134, 165
2135, 286
2136, 184
2137, 77
2138, 43
2139, 169
2140, 77
2141, 71
2142, 237
2143, 24
2144, 73
2145, 138
2146, 3
2147, 4
2148, 53
2149, 5
2150, 52
2151, 89
2152, 212
2153, 2
2154, 277
2155, 131
2156, 10
2157, 2
2158, 165
2159, 44
2160, 121
2161, 89
2162, 31
2163, 21
2164, 19
2165, 16
2166, 175
2167, 54
2168, 2
2169, 104
2170, 131
2171, 238
2172, 216
2173, 361
2174, 156
2175, 40
2176, 331
2177, 143
2178, 170
2179, 98
2180, 79
2181, 33
2182, 114
2183, 60
2184, 124
2185, 45
2186, 241
2187, 268
2188, 270
2189, 90
2190, 153
2191, 194
2192, 175
2193, 30
2194, 145
2195, 125
2196, 171
2197, 37
2198, 5
2199, 189
2200, 82
2201, 218
2202, 91
2203, 189
2204, 338
2205, 170
2206, 143
2207, 44
2208, 103
2209, 101
2210, 17
2211, 273
2212, 112
2213, 23
2214, 31
2215, 186
2216, 43
2217, 70
2218, 281
2219, 78
2220, 38
2221, 284
2222, 50
2223, 18
2224, 172
2225, 64
2226, 73
2227, 125
2228, 130
2229, 102
2230, 134
2231, 180
2232, 7
2233, 21
2234, 397
2235, 249
2236, 293
2237, 82
2238, 89
2239, 59
2240, 51
2241, 107
2242, 112
2243, 50
2244, 124
2245, 71
2246, 280
2247, 218
2248, 81
2249, 113
2250, 177
2251, 121
2252, 23
2253, 65
2254, 130
2255, 78
2256, 27
2257, 185
2258, 24
2259, 147
2260, 124
2261, 162
2262, 67
2263, 19
2264, 152
2265, 212
2266, 42
2267, 47
2268, 98
2269, 242
2270, 179
2271, 225
2272, 130
2273, 312
2274, 24
2275, 218
2276, 213
2277, 313
2278, 120
2279, 222
2280, 127
2281, 309
2282, 56
2283, 198
2284, 33
2285, 244
2286, 9
2287, 53
2288, 168
2289, 215
2290, 75
2291, 21
2292, 92
2293, 139
2294, 183
2295, 51
2296, 53
2297, 56
2298, 233
2299, 91
2300, 166
2301, 24
2302, 86
2303, 160
2304, 183
2305, 238
2306, 233
2307, 114
2308, 181
2309, 169
2310, 57
2311, 142
2312, 212
2313, 33
2314, 178
2315, 81
2316, 112
2317, 126
2318, 12
2319, 14
2320, 11
2321, 140
2322, 138
2323, 1
2324, 14
2325, 20
2326, 183
2327, 70
2328, 35
2329, 157
2330, 2
2331, 196
2332, 169
2333, 132
2334, 96
2335, 109
2336, 30
2337, 41
2338, 57
2339, 80
2340, 106
2341, 36
2342, 85
2343, 184
2344, 59
2345, 186
2346, 126
2347, 61
2348, 180
2349, 130
2350, 219
2351, 23
2352, 73
2353, 131
2354, 241
2355, 66
2356, 112
2357, 214
2358, 37
2359, 89
2360, 77
2361, 91
2362, 65
2363, 89
2364, 43
2365, 172
2366, 28
2367, 266
2368, 233
2369, 213
2370, 173
2371, 315
2372, 147
2373, 2
2374, 191
2375, 348
2376, 37
2377, 235
2378, 94
2379, 321
2380, 324
2381, 308
2382, 130
2383, 96
2384, 27
2385, 148
2386, 174
2387, 95
2388, 26
2389, 237
2390, 38
2391, 131
2392, 157
2393, 59
2394, 49
2395, 191
2396, 47
2397, 95
2398, 142
2399, 43
2400, 115
2401, 43
2402, 293
2403, 31
2404, 31
2405, 27
2406, 72
2407, 127
2408, 34
2409, 233
2410, 252
2411, 48
2412, 20
2413, 48
2414, 202
2415, 39
2416, 126
2417, 139
2418, 62
2419, 23
2420, 161
2421, 57
2422, 211
2423, 160
2424, 3
2425, 26
2426, 133
2427, 107
2428, 47
2429, 51
2430, 99
2431, 220
2432, 142
2433, 13
2434, 318
2435, 38
2436, 65
2437, 91
2438, 34
2439, 27
2440, 83
2441, 335
2442, 118
2443, 194
2444, 112
2445, 26
2446, 3
2447, 87
2448, 67
2449, 26
2450, 59
2451, 273
2452, 20
2453, 60
2454, 1
2455, 86
2456, 39
2457, 214
2458, 252
2459, 173
2460, 115
2461, 122
2462, 59
2463, 57
2464, 16
2465, 25
2466, 234
2467, 117
2468, 144
2469, 34
2470, 16
2471, 41
2472, 100
2473, 47
2474, 364
2475, 233
2476, 136
2477, 152
2478, 1
2479, 163
2480, 180
2481, 67
2482, 7
2483, 178
2484, 147
2485, 146
2486, 50
2487, 24
2488, 81
2489, 167
2490, 10
2491, 41
2492, 65
2493, 182
2494, 21
2495, 9
2496, 416
2497, 145
2498, 145
2499, 142
2500, 20
2501, 139
2502, 244
2503, 77
2504, 118
2505, 50
2506, 171
2507, 108
2508, 276
2509, 185
2510, 16
2511, 163
2512, 126
2513, 174
2514, 162
2515, 57
2516, 130
2517, 169
2518, 170
2519, 12
2520, 55
2521, 20
2522, 85
2523, 1
2524, 112
2525, 12
2526, 219
2527, 147
2528, 65
2529, 276
2530, 169
2531, 174
2532, 112
2533, 66
2534, 5
2535, 24
2536, 174
2537, 102
2538, 106
2539, 3
2540, 124
2541, 66
2542, 47
2543, 118
2544, 152
2545, 170
2546, 47
2547, 237
2548, 28
2549, 92
2550, 133
2551, 113
2552, 79
2553, 4
2554, 96
2555, 136
2556, 123
2557, 7
2558, 163
2559, 28
2560, 148
2561, 256
2562, 143
2563, 5
2564, 217
2565, 89
2566, 1
2567, 131
2568, 68
2569, 25
2570, 171
2571, 151
2572, 119
2573, 59
2574, 221
2575, 77
2576, 206
2577, 119
2578, 185
2579, 21
2580, 236
2581, 227
2582, 244
2583, 24
2584, 95
2585, 17
2586, 112
2587, 128
2588, 61
2589, 163
2590, 74
2591, 96
2592, 202
2593, 151
2594, 81
2595, 28
2596, 27
2597, 95
2598, 134
2599, 73
2600, 224
2601, 103
2602, 95
2603, 114
2604, 19
2605, 43
2606, 137
2607, 59
2608, 65
2609, 122
2610, 129
2611, 172
2612, 104
2613, 43
2614, 107
2615, 56
2616, 208
2617, 340
2618, 204
2619, 68
2620, 268
2621, 4
2622, 18
2623, 37
2624, 22
2625, 36
2626, 96
2627, 28
2628, 95
2629, 84
2630, 90
2631, 4
2632, 22
2633, 132
2634, 88
2635, 123
2636, 85
2637, 1
2638, 186
2639, 17
2640, 62
2641, 305
2642, 25
2643, 87
2644, 143
2645, 134
2646, 138
2647, 128
2648, 150
2649, 189
2650, 78
2651, 245
2652, 145
2653, 55
2654, 59
2655, 20
2656, 31
2657, 34
2658, 225
2659, 84
2660, 30
2661, 55
2662, 84
2663, 101
2664, 136
2665, 339
2666, 64
2667, 139
2668, 69
2669, 115
2670, 14
2671, 185
2672, 115
2673, 107
2674, 154
2675, 146
2676, 78
2677, 156
2678, 80
2679, 137
2680, 21
2681, 4
2682, 32
2683, 61
2684, 220
2685, 7
2686, 56
2687, 37
2688, 189
2689, 143
2690, 56
2691, 17
2692, 62
2693, 252
2694, 146
2695, 10
2696, 43
2697, 172
2698, 252
2699, 52
2700, 49
2701, 182
2702, 94
2703, 40
2704, 246
2705, 119
2706, 131
2707, 167
2708, 3
2709, 184
2710, 208
2711, 55
2712, 129
2713, 9
2714, 46
2715, 25
2716, 99
2717, 206
2718, 111
2719, 263
2720, 92
2721, 16
2722, 241
2723, 149
2724, 126
2725, 60
2726, 70
2727, 76
2728, 30
2729, 184
2730, 106
2731, 59
2732, 109
2733, 101
2734, 188
2735, 23
2736, 387
2737, 132
2738, 186
2739, 33
2740, 103
2741, 280
2742, 4
2743, 120
2744, 18
2745, 155
2746, 1
2747, 133
2748, 90
2749, 103
2750, 11
2751, 50
2752, 176
2753, 76
2754, 30
2755, 74
2756, 231
2757, 46
2758, 65
2759, 113
2760, 153
2761, 268
2762, 198
2763, 311
2764, 185
2765, 1
2766, 24
2767, 83
2768, 44
2769, 31
2770, 61
2771, 28
2772, 99
2773, 126
2774, 166
2775, 22
2776, 4
2777, 1
2778, 30
2779, 263
2780, 159
2781, 121
2782, 88
2783, 139
2784, 180
2785, 281
2786, 108
2787, 27
2788, 43
2789, 52
2790, 90
2791, 106
2792, 71
2793, 211
2794, 131
2795, 259
2796, 259
2797, 92
2798, 164
2799, 10
2800, 114
2801, 273
2802, 244
2803, 83
2804, 222
2805, 190
2806, 196
2807, 174
2808, 78
2809, 36
2810, 34
2811, 86
2812, 12
2813, 85
2814, 32
2815, 40
2816, 169
2817, 272
2818, 170
2819, 103
2820, 240
2821, 28
2822, 166
2823, 193
2824, 259
2825, 99
2826, 140
2827, 149
2828, 227
2829, 43
2830, 302
2831, 42
2832, 23
2833, 135
2834, 123
2835, 211
2836, 50
2837, 149
2838, 60
2839, 161
2840, 141
2841, 28
2842, 130
2843, 20
2844, 68
2845, 71
2846, 21
2847, 16
2848, 87
2849, 32
2850, 101
2851, 120
2852, 124
2853, 222
2854, 80
2855, 64
2856, 171
2857, 171
2858, 48
2859, 227
2860, 14
2861, 415
2862, 98
2863, 183
2864, 167
2865, 11
2866, 89
2867, 77
2868, 62
2869, 43
2870, 272
2871, 16
2872, 85
2873, 162
2874, 274
2875, 93
2876, 31
2877, 126
2878, 100
2879, 169
2880, 64
2881, 170
2882, 258
2883, 216
2884, 42
2885, 5
2886, 244
2887, 174
2888, 49
2889, 187
2890, 50
2891, 225
2892, 177
2893, 164
2894, 134
2895, 104
2896, 25
2897, 221
2898, 15
2899, 131
2900, 42
2901, 206
2902, 213
2903, 11
2904, 238
2905, 131
2906, 143
2907, 75
2908, 122
2909, 74
2910, 62
2911, 283
2912, 70
2913, 69
2914, 86
2915, 42
2916, 167
2917, 198
2918, 130
2919, 85
2920, 125
2921, 177
2922, 88
2923, 57
2924, 195
2925, 172
2926, 96
2927, 137
2928, 250
2929, 122
2930, 197
2931, 202
2932, 39
2933, 209
2934, 74
2935, 278
2936, 159
2937, 161
2938, 236
2939, 187
2940, 4
2941, 85
2942, 18
2943, 46
2944, 27
2945, 185
2946, 67
2947, 19
2948, 43
2949, 24
2950, 164
2951, 75
2952, 63
2953, 153
2954, 7
2955, 14
2956, 73
2957, 172
2958, 62
2959, 234
2960, 67
2961, 77
2962, 15
2963, 47
2964, 141
2965, 1
2966, 135
2967, 182
2968, 114
2969, 64
2970, 122
2971, 53
2972, 218
2973, 176
2974, 769
2975, 844
2976, 950
2977, 810
2978, 836
2979, 901
2980, 744
2981, 881
2982, 850
2983, 740
2984, 743
2985, 844
2986, 828
2987, 828
2988, 765
2989, 908
2990, 795
2991, 653
2992, 640
2993, 712
2994, 964
2995, 717
2996, 613
2997, 598
2998, 690
2999, 574
3000, 770
3001, 563
3002, 0
3003, 57
3004, 76
3005, 151
3006, 35
3007, 41
3008, 118
3009, 74
3010, 44
3011, 225
3012, 219
3013, 200
3014, 194
3015, 191
3016, 99
3017, 23
3018, 13
3019, 166
3020, 73
3021, 41
3022, 169
3023, 39
3024, 66
3025, 108
3026, 282
3027, 182
3028, 87
3029, 89
3030, 44
3031, 274
3032, 92
3033, 23
3034, 101
3035, 28
3036, 202
3037, 69
3038, 314
3039, 56
3040, 87
3041, 112
3042, 45
3043, 152
3044, 149
3045, 82
3046, 11
3047, 5
3048, 80
3049, 151
3050, 279
3051, 222
3052, 169
3053, 48
3054, 18
3055, 41
3056, 139
3057, 121
3058, 252
3059, 7
3060, 309
3061, 142
3062, 47
3063, 237
3064, 56
3065, 57
3066, 164
3067, 94
3068, 313
3069, 145
3070, 41
3071, 39
3072, 172
3073, 168
3074, 144
3075, 18
3076, 211
3077, 32
3078, 42
3079, 153
3080, 174
3081, 158
3082, 156
3083, 193
3084, 353
3085, 36
3086, 210
3087, 172
3088, 265
3089, 85
3090, 24
3091, 78
3092, 50
3093, 105
3094, 150
3095, 54
3096, 221
3097, 133
3098, 34
3099, 48
3100, 306
3101, 180
3102, 72
3103, 67
3104, 128
3105, 171
3106, 28
3107, 229
3108, 99
3109, 40
3110, 80
3111, 165
3112, 143
3113, 138
3114, 120
3115, 36
3116, 130
3117, 4
3118, 161
3119, 22
3120, 284
3121, 16
3122, 42
3123, 194
3124, 107
3125, 176
3126, 224
3127, 194
3128, 103
3129, 109
3130, 93
3131, 157
3132, 10
3133, 4
3134, 21
3135, 165
3136, 286
3137, 184
3138, 77
3139, 43
3140, 169
3141, 77
3142, 71
3143, 237
3144, 24
3145, 73
3146, 138
3147, 3
3148, 4
3149, 53
3150, 5
3151, 52
3152, 89
3153, 212
3154, 2
3155, 277
3156, 131
3157, 10
3158, 2
3159, 165
3160, 44
3161, 121
3162, 89
3163, 31
3164, 21
3165, 19
3166, 16
3167, 175
3168, 54
3169, 2
3170, 104
3171, 131
3172, 238
3173, 216
3174, 361
3175, 156
3176, 40
3177, 331
3178, 143
3179, 170
3180, 98
3181, 79
3182, 33
3183, 114
3184, 60
3185, 124
3186, 45
3187, 241
3188, 268
3189, 270
3190, 90
3191, 153
3192, 194
3193, 175
3194, 30
3195, 145
3196, 125
3197, 171
3198, 37
3199, 5
3200, 189
3201, 82
3202, 218
3203, 91
3204, 189
3205, 338
3206, 170
3207, 143
3208, 44
3209, 103
3210, 101
3211, 17
3212, 273
3213, 112
3214, 23
3215, 31
3216, 186
3217, 43
3218, 70
3219, 281
3220, 78
3221, 38
3222, 284
3223, 50
3224, 18
3225, 172
3226, 64
3227, 73
3228, 125
3229, 130
3230, 102
3231, 134
3232, 180
3233, 7
3234, 21
3235, 397
3236, 249
3237, 293
3238, 82
3239, 89
3240, 59
3241, 51
3242, 107
3243, 112
3244, 50
3245, 124
3246, 71
3247, 280
3248, 218
3249, 81
3250, 113
3251, 177
3252, 121
3253, 23
3254, 65
3255, 130
3256, 78
3257, 27
3258, 185
3259, 24
3260, 147
3261, 124
3262, 162
3263, 67
3264, 19
3265, 152
3266, 212
3267, 42
3268, 47
3269, 98
3270, 242
3271, 179
3272, 225
3273, 130
3274, 312
3275, 24
3276, 218
3277, 213
3278, 313
3279, 120
3280, 222
3281, 127
3282, 309
3283, 56
3284, 198
3285, 33
3286, 244
3287, 9
3288, 53
3289, 168
3290, 215
3291, 75
3292, 21
3293, 92
3294, 139
3295, 183
3296, 51
3297, 53
3298, 56
3299, 233
3300, 91
3301, 166
3302, 24
3303, 86
3304, 160
3305, 183
3306, 238
3307, 233
3308, 114
3309, 181
3310, 169
3311, 57
3312, 142
3313, 212
3314, 33
3315, 178
3316, 81
3317, 112
3318, 126
3319, 12
3320, 14
3321, 11
3322, 140
3323, 138
3324, 1
3325, 14
3326, 20
3327, 183
3328, 70
3329, 35
3330, 157
3331, 2
3332, 196
3333, 169
3334, 132
3335, 96
3336, 109
3337, 30
3338, 41
3339, 57
3340, 80
3341, 106
3342, 36
3343, 85
3344, 184
3345, 59
3346, 186
3347, 126
3348, 61
3349, 180
3350, 130
3351, 219
3352, 23
3353, 73
3354, 131
3355, 241
3356, 66
3357, 112
3358, 214
3359, 37
3360, 89
3361, 77
3362, 91
3363, 65
3364, 89
3365, 43
3366, 172
3367, 28
3368, 266
3369, 233
3370, 213
3371, 173
3372, 315
3373, 147
3374, 2
3375, 191
3376, 348
3377, 37
3378, 235
3379, 94
3380, 321
3381, 324
3382, 308
3383, 130
3384, 96
3385, 27
3386, 148
3387, 174
3388, 95
3389, 26
3390, 237
3391, 38
3392, 131
3393, 157
3394, 59
3395, 49
3396, 191
3397, 47
3398, 95
3399, 142
3400, 43
3401, 115
3402, 43
3403, 293
3404, 31
3405, 31
3406, 27
3407, 72
3408, 127
3409, 34
3410, 233
3411, 252
3412, 48
3413, 20
3414, 48
3415, 202
3416, 39
3417, 126
3418, 139
3419, 62
3420, 23
3421, 161
3422, 57
3423, 211
3424, 160
3425, 3
3426, 26
3427, 133
3428, 107
3429, 47
3430, 51
3431, 99
3432, 220
3433, 142
3434, 13
3435, 318
3436, 38
3437, 65
3438, 91
3439, 34
3440, 27
3441, 83
3442, 335
3443, 118
3444, 194
3445, 112
3446, 26
3447, 3
3448, 87
3449, 67
3450, 26
3451, 59
3452, 273
3453, 20
3454, 60
3455, 1
3456, 86
3457, 39
3458, 214
3459, 252
3460, 173
3461, 115
3462, 122
3463, 59
3464, 57
3465, 16
3466, 25
3467, 234
3468, 117
3469, 144
3470, 34
3471, 16
3472, 41
3473, 100
3474, 47
3475, 364
3476, 233
3477, 136
3478, 152
3479, 1
3480, 163
3481, 180
3482, 67
3483, 7
3484, 178
3485, 147
3486, 146
3487, 50
3488, 24
3489, 81
3490, 167
3491, 10
3492, 41
3493, 65
3494, 182
3495, 21
3496, 9
3497, 416
3498, 145
3499, 145
3500, 142
3501, 20
3502, 139
3503, 244
3504, 77
3505, 118
3506, 50
3507, 171
3508, 108
3509, 276
3510, 185
3511, 16
3512, 163
3513, 126
3514, 174
3515, 162
3516, 57
3517, 130
3518, 169
3519, 170
3520, 12
3521, 55
3522, 20
3523, 85
3524, 1
3525, 112
3526, 12
3527, 219
3528, 147
3529, 65
3530, 276
3531, 169
3532, 174
3533, 112
3534, 66
3535, 5
3536, 24
3537, 174
3538, 102
3539, 106
3540, 3
3541, 124
3542, 66
3543, 47
3544, 118
3545, 152
3546, 170
3547, 47
3548, 237
3549, 28
3550, 92
3551, 133
3552, 113
3553, 79
3554, 4
3555, 96
3556, 136
3557, 123
3558, 7
3559, 163
3560, 28
3561, 148
3562, 256
3563, 143
3564, 5
3565, 217
3566, 89
3567, 1
3568, 131
3569, 68
3570, 25
3571, 171
3572, 151
3573, 119
3574, 59
3575, 221
3576, 77
3577, 206
3578, 119
3579, 185
3580, 21
3581, 236
3582, 227
3583, 244
3584, 24
3585, 95
3586, 17
3587, 112
3588, 128
3589, 61
3590, 163
3591, 74
3592, 96
3593, 202
3594, 151
3595, 81
3596, 28
3597, 27
3598, 95
3599, 134
3600, 73
3601, 224
3602, 103
3603, 95
3604, 114
3605, 19
3606, 43
3607, 137
3608, 59
3609, 65
3610, 122
3611, 129
3612, 172
3613, 104
3614, 43
3615, 107
3616, 56
3617, 208
3618, 340
3619, 204
3620, 68
3621, 268
3622, 4
3623, 18
3624, 37
3625, 22
3626, 36
3627, 96
3628, 28
3629, 95
3630, 84
3631, 90
3632, 4
3633, 22
3634, 132
3635, 88
3636, 123
3637, 85
3638, 1
3639, 186
3640, 17
3641, 62
3642, 305
3643, 25
3644, 87
3645, 143
3646, 134
3647, 138
3648, 128
3649, 150
3650, 189
3651, 78
3652, 245
3653, 145
3654, 55
3655, 59
3656, 20
3657, 31
3658, 34
3659, 225
3660, 84
3661, 30
3662, 55
3663, 84
3664, 101
3665, 136
3666, 339
3667, 64
3668, 139
3669, 69
3670, 115
3671, 14
3672, 185
3673, 115
3674, 107
3675, 154
3676, 146
3677, 78
3678, 156
3679, 80
3680, 137
3681, 21
3682, 4
3683, 32
3684, 61
3685, 220
3686, 7
3687, 56
3688, 37
3689, 189
3690, 143
3691, 56
3692, 17
3693, 62
3694, 252
3695, 146
3696, 10
3697, 43
3698, 172
3699, 252
3700, 52
3701, 49
3702, 182
3703, 94
3704, 40
3705, 246
3706, 119
3707, 131
3708, 167
3709, 3
3710, 184
3711, 208
3712, 55
3713, 129
3714, 9
3715, 46
3716, 25
3717, 99
3718, 206
3719, 111
3720, 263
3721, 92
3722, 16
3723, 241
3724, 149
3725, 126
3726, 60
3727, 70
3728, 76
3729, 30
3730, 184
3731, 106
3732, 59
3733, 109
3734, 101
3735, 188
3736, 23
3737, 387
3738, 132
3739, 186
3740, 33
3741, 103
3742, 280
3743, 4
3744, 120
3745, 18
3746, 155
3747, 1
3748, 133
3749, 90
3750, 103
3751, 11
3752, 50
3753, 176
3754, 76
3755, 30
3756, 74
3757, 231
3758, 46
3759, 65
3760, 113
3761, 153
3762, 268
3763, 198
3764, 311
3765, 185
3766, 1
3767, 24
3768, 83
3769, 44
3770, 31
3771, 61
3772, 28
3773, 99
3774, 126
3775, 166
3776, 22
3777, 4
3778, 1
3779, 30
3780, 263
3781, 159
3782, 121
3783, 88
3784, 139
3785, 180
3786, 281
3787, 108
3788, 27
3789, 43
3790, 52
3791, 90
3792, 106
3793, 71
3794, 211
3795, 131
3796, 259
3797, 259
3798, 92
3799, 164
3800, 10
3801, 114
3802, 273
3803, 244
3804, 83
3805, 222
3806, 190
3807, 196
3808, 174
3809, 78
3810, 36
3811, 34
3812, 86
3813, 12
3814, 85
3815, 32
3816, 40
3817, 169
3818, 272
3819, 170
3820, 103
3821, 240
3822, 28
3823, 166
3824, 193
3825, 259
3826, 99
3827, 140
3828, 149
3829, 227
3830, 43
3831, 302
3832, 42
3833, 23
3834, 135
3835, 123
3836, 211
3837, 50
3838, 149
3839, 60
3840, 161
3841, 141
3842, 28
3843, 130
3844, 20
3845, 68
3846, 71
3847, 21
3848, 16
3849, 87
3850, 32
3851, 101
3852, 120
3853, 124
3854, 222
3855, 80
3856, 64
3857, 171
3858, 171
3859, 48
3860, 227
3861, 14
3862, 415
3863, 98
3864, 183
3865, 167
3866, 11
3867, 89
3868, 77
3869, 62
3870, 43
3871, 272
3872, 16
3873, 85
3874, 162
3875, 274
3876, 93
3877, 31
3878, 126
3879, 100
3880, 169
3881, 64
3882, 170
3883, 258
3884, 216
3885, 42
3886, 5
3887, 244
3888, 174
3889, 49
3890, 187
3891, 50
3892, 225
3893, 177
3894, 164
3895, 134
3896, 104
3897, 25
3898, 221
3899, 15
3900, 131
3901, 42
3902, 206
3903, 213
3904, 11
3905, 238
3906, 131
3907, 143
3908, 75
3909, 122
3910, 74
3911, 62
3912, 283
3913, 70
3914, 69
3915, 86
3916, 42
3917, 167
3918, 198
3919, 130
3920, 85
3921, 125
3922, 177
3923, 88
3924, 57
3925, 195
3926, 172
3927, 96
3928, 137
3929, 250
3930, 122
3931, 197
3932, 202
3933, 39
3934, 209
3935, 74
3936, 278
3937, 159
3938, 161
3939, 236
3940, 187
3941, 4
3942, 85
3943, 18
3944, 46
3945, 27
3946, 185
3947, 67
3948, 19
3949, 43
3950, 24
3951, 164
3952, 75
3953, 63
3954, 153
3955, 7
3956, 14
3957, 73
3958, 172
3959, 62
3960, 234
3961, 67
3962, 77
3963, 15
3964, 47
3965, 141
3966, 1
3967, 135
3968, 182
3969, 114
3970, 64
3971, 122
3972, 53
3973, 218
3974, 176
3975, 769
3976, 844
3977, 950
3978, 810
3979, 836
3980, 901
3981, 744
3982, 881
3983, 850
3984, 740
3985, 743
3986, 844
3987, 828
3988, 828
3989, 765
3990, 908
3991, 795
3992, 653
3993, 640
3994, 712
3995, 964
3996, 717
3997, 613
3998, 598
3999, 690
4000, 574
4001, 770
4002, 563
4003, 0
4004, 57
4005, 76
4006, 151
4007, 35
4008, 41
4009, 118
4010, 74
4011, 44
4012, 225
4013, 219
4014, 200
4015, 194
4016, 191
4017, 99
4018, 23
4019, 13
4020, 166
4021, 73
4022, 41
4023, 169
4024, 39
4025, 66
4026, 108
4027, 282
4028, 182
4029, 87
4030, 89
4031, 44
4032, 274
4033, 92
4034, 23
4035, 101
4036, 28
4037, 202
4038, 69
4039, 314
4040, 56
4041, 87
4042, 112
4043, 45
4044, 152
4045, 149
4046, 82
4047, 11
4048, 5
4049, 80
4050, 151
4051, 279
4052, 222
4053, 169
4054, 48
4055, 18
4056, 41
4057, 139
4058, 121
4059, 252
4060, 7
4061, 309
4062, 142
4063, 47
4064, 237
4065, 56
4066, 57
4067, 164
4068, 94
4069, 313
4070, 145
4071, 41
4072, 39
4073, 172
4074, 168
4075, 144
4076, 18
4077, 211
4078, 32
4079, 42
4080, 153
4081, 174
4082, 158
4083, 156
4084, 193
4085, 353
4086, 36
4087, 210
4088, 172
4089, 265
4090, 85
4091, 24
4092, 78
4093, 50
4094, 105
4095, 150
4096, 54
4097, 221
4098, 133
4099, 34
4100, 48
4101, 306
4102, 180
4103, 72
4104, 67
4105, 128
4106, 171
4107, 28
4108, 229
4109, 99
4110, 40
4111, 80
4112, 165
4113, 143
4114, 138
4115, 120
4116, 36
4117, 130
4118, 4
4119, 161
4120, 22
4121, 284
4122, 16
4123, 42
4124, 194
4125, 107
4126, 176
4127, 224
4128, 194
4129, 103
4130, 109
4131, 93
4132, 157
4133, 10
4134, 4
4135, 21
4136, 165
4137, 286
4138, 184
4139, 77
4140, 43
4141, 169
4142, 77
4143, 71
4144, 237
4145, 24
4146, 73
4147, 138
4148, 3
4149, 4
4150, 53
4151, 5
4152, 52
4153, 89
4154, 212
4155, 2
4156, 277
4157, 131
4158, 10
4159, 2
4160, 165
4161, 44
4162, 121
4163, 89
4164, 31
4165, 21
4166, 19
4167, 16
4168, 175
4169, 54
4170, 2
4171, 104
4172, 131
4173, 238
4174, 216
4175, 361
4176, 156
4177, 40
4178, 331
4179, 143
4180, 170
4181, 98
4182, 79
4183, 33
4184, 114
4185, 60
4186, 124
4187, 45
4188, 241
4189, 268
4190, 270
4191, 90
4192, 153
4193, 194
4194, 175
4195, 30
4196, 145
4197, 125
4198, 171
4199, 37
4200, 5
4201, 189
4202, 82
4203, 218
4204, 91
4205, 189
4206, 338
4207, 170
4208, 143
4209, 44
4210, 103
4211, 101
4212, 17
4213, 273
4214, 112
4215, 23
4216, 31
4217, 186
4218, 43
4219, 70
4220, 281
4221, 78
4222, 38
4223, 284
4224, 50
4225, 18
4226, 172
4227, 64
4228, 73
4229, 125
4230, 130
4231, 102
4232, 134
4233, 180
4234, 7
4235, 21
4236, 397
4237, 249
4238, 293
4239, 82
4240, 89
4241, 59
4242, 51
4243, 107
4244, 112
4245, 50
4246, 124
4247, 71
4248, 280
4249, 218
4250, 81
4251, 113
4252, 177
4253, 121
4254, 23
4255, 65
4256, 130
4257, 78
4258, 27
4259, 185
4260, 24
4261, 147
4262, 124
4263, 162
4264, 67
4265, 19
4266, 152
4267, 212
4268, 42
4269, 47
4270, 98
4271, 242
4272, 179
4273, 225
4274, 130
4275, 312
4276, 24
4277, 218
4278, 213
4279, 313
4280, 120
4281, 222
4282, 127
4283, 309
4284, 56
4285, 198
4286, 33
4287, 244
4288, 9
4289, 53
4290, 168
4291, 215
4292, 75
4293, 21
4294, 92
4295, 139
4296, 183
4297, 51
4298, 53
4299, 56
4300, 233
4301, 91
4302, 166
4303, 24
4304, 86
4305, 160
4306, 183
4307, 238
4308, 233
4309, 114
4310, 181
4311, 169
4312, 57
4313, 142
4314, 212
4315, 33
4316, 178
4317, 81
4318, 112
4319, 126
4320, 12
4321, 14
4322, 11
4323, 140
4324, 138
4325, 1
4326, 14
4327, 20
4328, 183
4329, 70
4330, 35
4331, 157
4332, 2
4333, 196
4334, 169
4335, 132
4336, 96
4337, 109
4338, 30
4339, 41
4340, 57
4341, 80
4342, 106
4343, 36
4344, 85
4345, 184
4346, 59
4347, 186
4348, 126
4349, 61
4350, 180
4351, 130
4352, 219
4353, 23
4354, 73
4355, 131
4356, 241
4357, 66
4358, 112
4359, 214
4360, 37
4361, 89
4362, 77
4363, 91
4364, 65
4365, 89
4366, 43
4367, 172
4368, 28
4369, 266
4370, 233
4371, 213
4372, 173
4373, 315
4374, 147
4375, 2
4376, 191
4377, 348
4378, 37
4379, 235
4380, 94
4381, 321
4382, 324
4383, 308
4384, 130
4385, 96
4386, 27
4387, 148
4388, 174
4389, 95
4390, 26
4391, 237
4392, 38
4393, 131
4394, 157
4395, 59
4396, 49
4397, 191
4398, 47
4399, 95
4400, 142
4401, 43
4402, 115
4403, 43
4404, 293
4405, 31
4406, 31
4407, 27
4408, 72
4409, 127
4410, 34
4411, 233
4412, 252
4413, 48
4414, 20
4415, 48
4416, 202
4417, 39
4418, 126
4419, 139
4420, 62
4421, 23
4422, 161
4423, 57
4424, 211
4425, 160
4426, 3
4427, 26
4428, 133
4429, 107
4430, 47
4431, 51
4432, 99
4433, 220
4434, 142
4435, 13
4436, 318
4437, 38
4438, 65
4439, 91
4440, 34
4441, 27
4442, 83
4443, 335
4444, 118
4445, 194
4446, 112
4447, 26
4448, 3
4449, 87
4450, 67
4451, 26
4452, 59
4453, 273
4454, 20
4455, 60
4456, 1
4457, 86
4458, 39
4459, 214
4460, 252
4461, 173
4462, 115
4463, 122
4464, 59
4465, 57
4466, 16
4467, 25
4468, 234
4469, 117
4470, 144
4471, 34
4472, 16
4473, 41
4474, 100
4475, 47
4476, 364
4477, 233
4478, 136
4479, 152
4480, 1
4481, 163
4482, 180
4483, 67
4484, 7
4485, 178
4486, 147
4487, 146
4488, 50
4489, 24
4490, 81
4491, 167
4492, 10
4493, 41
4494, 65
4495, 182
4496, 21
4497, 9
4498, 416
4499, 145
4500, 145
4501, 142
4502, 20
4503, 139
4504, 244
4505, 77
4506, 118
4507, 50
4508, 171
4509, 108
4510, 276
4511, 185
4512, 16
4513, 163
4514, 126
4515, 174
4516, 162
4517, 57
4518, 130
4519, 169
4520, 170
4521, 12
4522, 55
4523, 20
4524, 85
4525, 1
4526, 112
4527, 12
4528, 219
4529, 147
4530, 65
4531, 276
4532, 169
4533, 174
4534, 112
4535, 66
4536, 5
4537, 24
4538, 174
4539, 102
4540, 106
4541, 3
4542, 124
4543, 66
4544, 47
4545, 118
4546, 152
4547, 170
4548, 47
4549, 237
4550, 28
4551, 92
4552, 133
4553, 113
4554, 79
4555, 4
4556, 96
4557, 136
4558, 123
4559, 7
4560, 163
4561, 28
4562, 148
4563, 256
4564, 143
4565, 5
4566, 217
4567, 89
4568, 1
4569, 131
4570, 68
4571, 25
4572, 171
4573, 151
4574, 119
4575, 59
4576, 221
4577, 77
4578, 206
4579, 119
4580, 185
4581, 21
4582, 236
4583, 227
4584, 244
4585, 24
4586, 95
4587, 17
4588, 112
4589, 128
4590, 61
4591, 163
4592, 74
4593, 96
4594, 202
4595, 151
4596, 81
4597, 28
4598, 27
4599, 95
4600, 134
4601, 73
4602, 224
4603, 103
4604, 95
4605, 114
4606, 19
4607, 43
4608, 137
4609, 59
4610, 65
4611, 122
4612, 129
4613, 172
4614, 104
4615, 43
4616, 107
4617, 56
4618, 208
4619, 340
4620, 204
4621, 68
4622, 268
4623, 4
4624, 18
4625, 37
4626, 22
4627, 36
4628, 96
4629, 28
4630, 95
4631, 84
4632, 90
4633, 4
4634, 22
4635, 132
4636, 88
4637, 123
4638, 85
4639, 1
4640, 186
4641, 17
4642, 62
4643, 305
4644, 25
4645, 87
4646, 143
4647, 134
4648, 138
4649, 128
4650, 150
4651, 189
4652, 78
4653, 245
4654, 145
4655, 55
4656, 59
4657, 20
4658, 31
4659, 34
4660, 225
4661, 84
4662, 30
4663, 55
4664, 84
4665, 101
4666, 136
4667, 339
4668, 64
4669, 139
4670, 69
4671, 115
4672, 14
4673, 185
4674, 115
4675, 107
4676, 154
4677, 146
4678, 78
4679, 156
4680, 80
4681, 137
4682, 21
4683, 4
4684, 32
4685, 61
4686, 220
4687, 7
4688, 56
4689, 37
4690, 189
4691, 143
4692, 56
4693, 17
4694, 62
4695, 252
4696, 146
4697, 10
4698, 43
4699, 172
4700, 252
4701, 52
4702, 49
4703, 182
4704, 94
4705, 40
4706, 246
4707, 119
4708, 131
4709, 167
4710, 3
4711, 184
4712, 208
4713, 55
4714, 129
4715, 9
4716, 46
4717, 25
4718, 99
4719, 206
4720, 111
4721, 263
4722, 92
4723, 16
4724, 241
4725, 149
4726, 126
4727, 60
4728, 70
4729, 76
4730, 30
4731, 184
4732, 106
4733, 59
4734, 109
4735, 101
4736, 188
4737, 23
4738, 387
4739, 132
4740, 186
4741, 33
4742, 103
4743, 280
4744, 4
4745, 120
4746, 18
4747, 155
4748, 1
4749, 133
4750, 90
4751, 103
4752, 11
4753, 50
4754, 176
4755, 76
4756, 30
4757, 74
4758, 231
4759, 46
4760, 65
4761, 113
4762, 153
4763, 268
4764, 198
4765, 311
4766, 185
4767, 1
4768, 24
4769, 83
4770, 44
4771, 31
4772, 61
4773, 28
4774, 99
4775, 126
4776, 166
4777, 22
4778, 4
4779, 1
4780, 30
4781, 263
4782, 159
4783, 121
4784, 88
4785, 139
4786, 180
4787, 281
4788, 108
4789, 27
4790, 43
4791, 52
4792, 90
4793, 106
4794, 71
4795, 211
4796, 131
4797, 259
4798, 259
4799, 92
4800, 164
4801, 10
4802, 114
4803, 273
4804, 244
4805, 83
4806, 222
4807, 190
4808, 196
4809, 174
4810, 78
4811, 36
4812, 34
4813, 86
4814, 12
4815, 85
4816, 32
4817, 40
4818, 169
4819, 272
4820, 170
4821, 103
4822, 240
4823, 28
4824, 166
4825, 193
4826, 259
4827, 99
4828, 140
4829, 149
4830, 227
4831, 43
4832, 302
4833, 42
4834, 23
4835, 135
4836, 123
4837, 211
4838, 50
4839, 149
4840, 60
4841, 161
4842, 141
4843, 28
4844, 130
4845, 20
4846, 68
4847, 71
4848, 21
4849, 16
4850, 87
4851, 32
4852, 101
4853, 120
4854, 124
4855, 222
4856, 80
4857, 64
4858, 171
4859, 171
4860, 48
4861, 227
4862, 14
4863, 415
4864, 98
4865, 183
4866, 167
4867, 11
4868, 89
4869, 77
4870, 62
4871, 43
4872, 272
4873, 16
4874, 85
4875, 162
4876, 274
4877, 93
4878, 31
4879, 126
4880, 100
4881, 169
4882, 64
4883, 170
4884, 258
4885, 216
4886, 42
4887, 5
4888, 244
4889, 174
4890, 49
4891, 187
4892, 50
4893, 225
4894, 177
4895, 164
4896, 134
4897, 104
4898, 25
4899, 221
4900, 15
4901, 131
4902, 42
4903, 206
4904, 213
4905, 11
4906, 238
4907, 131
4908, 143
4909, 75
4910, 122
4911, 74
4912, 62
4913, 283
4914, 70
4915, 69
4916, 86
4917, 42
4918, 167
4919, 198
4920, 130
4921, 85
4922, 125
4923, 177
4924, 88
4925, 57
4926, 195
4927, 172
4928, 96
4929, 137
4930, 250
4931, 122
4932, 197
4933, 202
4934, 39
4935, 209
4936, 74
4937, 278
4938, 159
4939, 161
4940, 236
4941, 187
4942, 4
4943, 85
4944, 18
4945, 46
4946, 27
4947, 185
4948, 67
4949, 19
4950, 43
4951, 24
4952, 164
4953, 75
4954, 63
4955, 153
4956, 7
4957, 14
4958, 73
4959, 172
4960, 62
4961, 234
4962, 67
4963, 77
4964, 15
4965, 47
4966, 141
4967, 1
4968, 135
4969, 182
4970, 114
4971, 64
4972, 122
4973, 53
4974, 218
4975, 176
4976, 769
4977, 844
4978, 950
4979, 810
4980, 836
4981, 901
4982, 744
4983, 881
4984, 850
4985, 740
4986, 743
4987, 844
4988, 828
4989, 828
4990, 765
4991, 908
4992, 795
4993, 653
4994, 640
4995, 712
4996, 964
4997, 717
4998, 613
4999, 598
5000, 690
5001, 574
5002, 770
5003, 563
5004, 0
5005, 57
5006, 76
5007, 151
5008, 35
5009, 41
5010, 118
5011, 74
5012, 44
5013, 225
5014, 219
5015, 200
5016, 194
5017, 191
5018, 99
5019, 23
5020, 13
5021, 166
5022, 73
5023, 41
5024, 169
5025, 39
5026, 66
5027, 108
5028, 282
5029, 182
5030, 87
5031, 89
5032, 44
5033, 274
5034, 92
5035, 23
5036, 101
5037, 28
5038, 202
5039, 69
5040, 314
5041, 56
5042, 87
5043, 112
5044, 45
5045, 152
5046, 149
5047, 82
5048, 11
5049, 5
5050, 80
5051, 151
5052, 279
5053, 222
5054, 169
5055, 48
5056, 18
5057, 41
5058, 139
5059, 121
5060, 252
5061, 7
5062, 309
5063, 142
5064, 47
5065, 237
5066, 56
5067, 57
5068, 164
5069, 94
5070, 313
5071, 145
5072, 41
5073, 39
5074, 172
5075, 168
5076, 144
5077, 18
5078, 211
5079, 32
5080, 42
5081, 153
5082, 174
5083, 158
5084, 156
5085, 193
5086, 353
5087, 36
5088, 210
5089, 172
5090, 265
5091, 85
5092, 24
5093, 78
5094, 50
5095, 105
5096, 150
5097, 54
5098, 221
5099, 133
5100, 34
5101, 48
5102, 306
5103, 180
5104, 72
5105, 67
5106, 128
5107, 171
5108, 28
5109, 229
5110, 99
5111, 40
5112, 80
5113, 165
5114, 143
5115, 138
5116, 120
5117, 36
5118, 130
5119, 4
5120, 161
5121, 22
5122, 284
5123, 16
5124, 42
5125, 194
5126, 107
5127, 176
5128, 224
5129, 194
5130, 103
5131, 109
5132, 93
5133, 157
5134, 10
5135, 4
5136, 21
5137, 165
5138, 286
5139, 184
5140, 77
5141, 43
5142, 169
5143, 77
5144, 71
5145, 237
5146, 24
5147, 73
5148, 138
5149, 3
5150, 4
5151, 53
5152, 5
5153, 52
5154, 89
5155, 212
5156, 2
5157, 277
5158, 131
5159, 10
5160, 2
5161, 165
5162, 44
5163, 121
5164, 89
5165, 31
5166, 21
5167, 19
5168, 16
5169, 175
5170, 54
5171, 2
5172, 104
5173, 131
5174, 238
5175, 216
5176, 361
5177, 156
5178, 40
5179, 331
5180, 143
5181, 170
5182, 98
5183, 79
5184, 33
5185, 114
5186, 60
5187, 124
5188, 45
5189, 241
5190, 268
5191, 270
5192, 90
5193, 153
5194, 194
5195, 175
5196, 30
5197, 145
5198, 125
5199, 171
5200, 37
5201, 5
5202, 189
5203, 82
5204, 218
5205, 91
5206, 189
5207, 338
5208, 170
5209, 143
5210, 44
5211, 103
5212, 101
5213, 17
5214, 273
5215, 112
5216, 23
5217, 31
5218, 186
5219, 43
5220, 70
5221, 281
5222, 78
5223, 38
5224, 284
5225, 50
5226, 18
5227, 172
5228, 64
5229, 73
5230, 125
5231, 130
5232, 102
5233, 134
5234, 180
5235, 7
5236, 21
5237, 397
5238, 249
5239, 293
5240, 82
5241, 89
5242, 59
5243, 51
5244, 107
5245, 112
5246, 50
5247, 124
5248, 71
5249, 280
5250, 218
5251, 81
5252, 113
5253, 177
5254, 121
5255, 23
5256, 65
5257, 130
5258, 78
5259, 27
5260, 185
5261, 24
5262, 147
5263, 124
5264, 162
5265, 67
5266, 19
5267, 152
5268, 212
5269, 42
5270, 47
5271, 98
5272, 242
5273, 179
5274, 225
5275, 130
5276, 312
5277, 24
5278, 218
5279, 213
5280, 313
5281, 120
5282, 222
5283, 127
5284, 309
5285, 56
5286, 198
5287, 33
5288, 244
5289, 9
5290, 53
5291, 168
5292, 215
5293, 75
5294, 21
5295, 92
5296, 139
5297, 183
5298, 51
5299, 53
5300, 56
5301, 233
5302, 91
5303, 166
5304, 24
5305, 86
5306, 160
5307, 183
5308, 238
5309, 233
5310, 114
5311, 181
5312, 169
5313, 57
5314, 142
5315, 212
5316, 33
5317, 178
5318, 81
5319, 112
5320, 126
5321, 12
5322, 14
5323, 11
5324, 140
5325, 138
5326, 1
5327, 14
5328, 20
5329, 183
5330, 70
5331, 35
5332, 157
5333, 2
5334, 196
5335, 169
5336, 132
5337, 96
5338, 109
5339, 30
5340, 41
5341, 57
5342, 80
5343, 106
5344, 36
5345, 85
5346, 184
5347, 59
5348, 186
5349, 126
5350, 61
5351, 180
5352, 130
5353, 219
5354, 23
5355, 73
5356, 131
5357, 241
5358, 66
5359, 112
5360, 214
5361, 37
5362, 89
5363, 77
5364, 91
5365, 65
5366, 89
5367, 43
5368, 172
5369, 28
5370, 266
5371, 233
5372, 213
5373, 173
5374, 315
5375, 147
5376, 2
5377, 191
5378, 348
5379, 37
5380, 235
5381, 94
5382, 321
5383, 324
5384, 308
5385, 130
5386, 96
5387, 27
5388, 148
5389, 174
5390, 95
5391, 26
5392, 237
5393, 38
5394, 131
5395, 157
5396, 59
5397, 49
5398, 191
5399, 47
5400, 95
5401, 142
5402, 43
5403, 115
5404, 43
5405, 293
5406, 31
5407, 31
5408, 27
5409, 72
5410, 127
5411, 34
5412, 233
5413, 252
5414, 48
5415, 20
5416, 48
5417, 202
5418, 39
5419, 126
5420, 139
5421, 62
5422, 23
5423, 161
5424, 57
5425, 211
5426, 160
5427, 3
5428, 26
5429, 133
5430, 107
5431, 47
5432, 51
5433, 99
5434, 220
5435, 142
5436, 13
5437, 318
5438, 38
5439, 65
5440, 91
5441, 34
5442, 27
5443, 83
5444, 335
5445, 118
5446, 194
5447, 112
5448, 26
5449, 3
5450, 87
5451, 67
5452, 26
5453, 59
5454, 273
5455, 20
5456, 60
5457, 1
5458, 86
5459, 39
5460, 214
5461, 252
5462, 173
5463, 115
5464, 122
5465, 59
5466, 57
5467, 16
5468, 25
5469, 234
5470, 117
5471, 144
5472, 34
5473, 16
5474, 41
5475, 100
5476, 47
5477, 364
5478, 233
5479, 136
5480, 152
5481, 1
5482, 163
5483, 180
5484, 67
5485, 7
5486, 178
5487, 147
5488, 146
5489, 50
5490, 24
5491, 81
5492, 167
5493, 10
5494, 41
5495, 65
5496, 182
5497, 21
5498, 9
5499, 416
5500, 145
5501, 145
5502, 142
5503, 20
5504, 139
5505, 244
5506, 77
5507, 118
5508, 50
5509, 171
5510, 108
5511, 276
5512, 185
5513, 16
5514, 163
5515, 126
5516, 174
5517, 162
5518, 57
5519, 130
5520, 169
5521, 170
5522, 12
5523, 55
5524, 20
5525, 85
5526, 1
5527, 112
5528, 12
5529, 219
5530, 147
5531, 65
5532, 276
5533, 169
5534, 174
5535, 112
5536, 66
5537, 5
5538, 24
5539, 174
5540, 102
5541, 106
5542, 3
5543, 124
5544, 66
5545, 47
5546, 118
5547, 152
5548, 170
5549, 47
5550, 237
5551, 28
5552, 92
5553, 133
5554, 113
5555, 79
5556, 4
5557, 96
5558, 136
5559, 123
5560, 7
5561, 163
5562, 28
5563, 148
5564, 256
5565, 143
5566, 5
5567, 217
5568, 89
5569, 1
5570, 131
5571, 68
5572, 25
5573, 171
5574, 151
5575, 119
5576, 59
5577, 221
5578, 77
5579, 206
5580, 119
5581, 185
5582, 21
5583, 236
5584, 227
5585, 244
5586, 24
5587, 95
5588, 17
5589, 112
5590, 128
5591, 61
5592, 163
5593, 74
5594, 96
5595, 202
5596, 151
5597, 81
5598, 28
5599, 27
5600, 95
5601, 134
5602, 73
5603, 224
5604, 103
5605, 95
5606, 114
5607, 19
5608, 43
5609, 137
5610, 59
5611, 65
5612, 122
5613, 129
5614, 172
5615, 104
5616, 43
5617, 107
5618, 56
5619, 208
5620, 340
5621, 204
5622, 68
5623, 268
5624, 4
5625, 18
5626, 37
5627, 22
5628, 36
5629, 96
5630, 28
5631, 95
5632, 84
5633, 90
5634, 4
5635, 22
5636, 132
5637, 88
5638, 123
5639, 85
5640, 1
5641, 186
5642, 17
5643, 62
5644, 305
5645, 25
5646, 87
5647, 143
5648, 134
5649, 138
5650, 128
5651, 150
5652, 189
5653, 78
5654, 245
5655, 145
5656, 55
5657, 59
5658, 20
5659, 31
5660, 34
5661, 225
5662, 84
5663, 30
5664, 55
5665, 84
5666, 101
5667, 136
5668, 339
5669, 64
5670, 139
5671, 69
5672, 115
5673, 14
5674, 185
5675, 115
5676, 107
5677, 154
5678, 146
5679, 78
5680, 156
5681, 80
5682, 137
5683, 21
5684, 4
5685, 32
5686, 61
5687, 220
5688, 7
5689, 56
5690, 37
5691, 189
5692, 143
5693, 56
5694, 17
5695, 62
5696, 252
5697, 146
5698, 10
5699, 43
5700, 172
5701, 252
5702, 52
5703, 49
5704, 182
5705, 94
5706, 40
5707, 246
5708, 119
5709, 131
5710, 167
5711, 3
5712, 184
5713, 208
5714, 55
5715, 129
5716, 9
5717, 46
5718, 25
5719, 99
5720, 206
5721, 111
5722, 263
5723, 92
5724, 16
5725, 241
5726, 149
5727, 126
5728, 60
5729, 70
5730, 76
5731, 30
5732, 184
5733, 106
5734, 59
5735, 109
5736, 101
5737, 188
5738, 23
5739, 387
5740, 132
5741, 186
5742, 33
5743, 103
5744, 280
5745, 4
5746, 120
5747, 18
5748, 155
5749, 1
5750, 133
5751, 90
5752, 103
5753, 11
5754, 50
5755, 176
5756, 76
5757, 30
5758, 74
5759, 231
5760, 46
5761, 65
5762, 113
5763, 153
5764, 268
5765, 198
5766, 311
5767, 185
5768, 1
5769, 24
5770, 83
5771, 44
5772, 31
5773, 61
5774, 28
5775, 99
5776, 126
5777, 166
5778, 22
5779, 4
5780, 1
5781, 30
5782, 263
5783, 159
5784, 121
5785, 88
5786, 139
5787, 180
5788, 281
5789, 108
5790, 27
5791, 43
5792, 52
5793, 90
5794, 106
5795, 71
5796, 211
5797, 131
5798, 259
5799, 259
5800, 92
5801, 164
5802, 10
5803, 114
5804, 273
5805, 244
5806, 83
5807, 222
5808, 190
5809, 196
5810, 174
5811, 78
5812, 36
5813, 34
5814, 86
5815, 12
5816, 85
5817, 32
5818, 40
5819, 169
5820, 272
5821, 170
5822, 103
5823, 240
5824, 28
5825, 166
5826, 193
5827, 259
5828, 99
5829, 140
5830, 149
5831, 227
5832, 43
5833, 302
5834, 42
5835, 23
5836, 135
5837, 123
5838, 211
5839, 50
5840, 149
5841, 60
5842, 161
5843, 141
5844, 28
5845, 130
5846, 20
5847, 68
5848, 71
5849, 21
5850, 16
5851, 87
5852, 32
5853, 101
5854, 120
5855, 124
5856, 222
5857, 80
5858, 64
5859, 171
5860, 171
5861, 48
5862, 227
5863, 14
5864, 415
5865, 98
5866, 183
5867, 167
5868, 11
5869, 89
5870, 77
5871, 62
5872, 43
5873, 272
5874, 16
5875, 85
5876, 162
5877, 274
5878, 93
5879, 31
5880, 126
5881, 100
5882, 169
5883, 64
5884, 170
5885, 258
5886, 216
5887, 42
5888, 5
5889, 244
5890, 174
5891, 49
5892, 187
5893, 50
5894, 225
5895, 177
5896, 164
5897, 134
5898, 104
5899, 25
5900, 221
5901, 15
5902, 131
5903, 42
5904, 206
5905, 213
5906, 11
5907, 238
5908, 131
5909, 143
5910, 75
5911, 122
5912, 74
5913, 62
5914, 283
5915, 70
5916, 69
5917, 86
5918, 42
5919, 167
5920, 198
5921, 130
5922, 85
5923, 125
5924, 177
5925, 88
5926, 57
5927, 195
5928, 172
5929, 96
5930, 137
5931, 250
5932, 122
5933, 197
5934, 202
5935, 39
5936, 209
5937, 74
5938, 278
5939, 159
5940, 161
5941, 236
5942, 187
5943, 4
5944, 85
5945, 18
5946, 46
5947, 27
5948, 185
5949, 67
5950, 19
5951, 43
5952, 24
5953, 164
5954, 75
5955, 63
5956, 153
5957, 7
5958, 14
5959, 73
5960, 172
5961, 62
5962, 234
5963, 67
5964, 77
5965, 15
5966, 47
5967, 141
5968, 1
5969, 135
5970, 182
5971, 114
5972, 64
5973, 122
5974, 53
5975, 218
5976, 176
5977, 769
5978, 844
5979, 950
5980, 810
5981, 836
5982, 901
5983, 744
5984, 881
5985, 850
5986, 740
5987, 743
5988, 844
5989, 828
5990, 828
5991, 765
5992, 908
5993, 795
5994, 653
5995, 640
5996, 712
5997, 964
5998, 717
5999, 613
6000, 598
6001, 690
6002, 574
6003, 770
6004, 563
6005, 0
6006, 57
6007, 76
6008, 151
6009, 35
6010, 41
6011, 118
6012, 74
6013, 44
6014, 225
6015, 219
6016, 200
6017, 194
6018, 191
6019, 99
6020, 23
6021, 13
6022, 166
6023, 73
6024, 41
6025, 169
6026, 39
6027, 66
6028, 108
6029, 282
6030, 182
6031, 87
6032, 89
6033, 44
6034, 274
6035, 92
6036, 23
6037, 101
6038, 28
6039, 202
6040, 69
6041, 314
6042, 56
6043, 87
6044, 112
6045, 45
6046, 152
6047, 149
6048, 82
6049, 11
6050, 5
6051, 80
6052, 151
6053, 279
6054, 222
6055, 169
6056, 48
6057, 18
6058, 41
6059, 139
6060, 121
6061, 252
6062, 7
6063, 309
6064, 142
6065, 47
6066, 237
6067, 56
6068, 57
6069, 164
6070, 94
6071, 313
6072, 145
6073, 41
6074, 39
6075, 172
6076, 168
6077, 144
6078, 18
6079, 211
6080, 32
6081, 42
6082, 153
6083, 174
6084, 158
6085, 156
6086, 193
6087, 353
6088, 36
6089, 210
6090, 172
6091, 265
6092, 85
6093, 24
6094, 78
6095, 50
6096, 105
6097, 150
6098, 54
6099, 221
6100, 133
6101, 34
6102, 48
6103, 306
6104, 180
6105, 72
6106, 67
6107, 128
6108, 171
6109, 28
6110, 229
6111, 99
6112, 40
6113, 80
6114, 165
6115, 143
6116, 138
6117, 120
6118, 36
6119, 130
6120, 4
6121, 161
6122, 22
6123, 284
6124, 16
6125, 42
6126, 194
6127, 107
6128, 176
6129, 224
6130, 194
6131, 103
6132, 109
6133, 93
6134, 157
6135, 10
6136, 4
6137, 21
6138, 165
6139, 286
6140, 184
6141, 77
6142, 43
6143, 169
6144, 77
6145, 71
6146, 237
6147, 24
6148, 73
6149, 138
6150, 3
6151, 4
6152, 53
6153, 5
6154, 52
6155, 89
6156, 212
6157, 2
6158, 277
6159, 131
6160, 10
6161, 2
6162, 165
6163, 44
6164, 121
6165, 89
6166, 31
6167, 21
6168, 19
6169, 16
6170, 175
6171, 54
6172, 2
6173, 104
6174, 131
6175, 238
6176, 216
6177, 361
6178, 156
6179, 40
6180, 331
6181, 143
6182, 170
6183, 98
6184, 79
6185, 33
6186, 114
6187, 60
6188, 124
6189, 45
6190, 241
6191, 268
6192, 270
6193, 90
6194, 153
6195, 194
6196, 175
6197, 30
6198, 145
6199, 125
6200, 171
6201, 37
6202, 5
6203, 189
6204, 82
6205, 218
6206, 91
6207, 189
6208, 338
6209, 170
6210, 143
6211, 44
6212, 103
6213, 101
6214, 17
6215, 273
6216, 112
6217, 23
6218, 31
6219, 186
6220, 43
6221, 70
6222, 281
6223, 78
6224, 38
6225, 284
6226, 50
6227, 18
6228, 172
6229, 64
6230, 73
6231, 125
6232, 130
6233, 102
6234, 134
6235, 180
6236, 7
6237, 21
6238, 397
6239, 249
6240, 293
6241, 82
6242, 89
6243, 59
6244, 51
6245, 107
6246, 112
6247, 50
6248, 124
6249, 71
6250, 280
6251, 218
6252, 81
6253, 113
6254, 177
6255, 121
6256, 23
6257, 65
6258, 130
6259, 78
6260, 27
6261, 185
6262, 24
6263, 147
6264, 124
6265, 162
6266, 67
6267, 19
6268, 152
6269, 212
6270, 42
6271, 47
6272, 98
6273, 242
6274, 179
6275, 225
6276, 130
6277, 312
6278, 24
6279, 218
6280, 213
6281, 313
6282, 120
6283, 222
6284, 127
6285, 309
6286, 56
6287, 198
6288, 33
6289, 244
6290, 9
6291, 53
6292, 168
6293, 215
6294, 75
6295, 21
6296, 92
6297, 139
6298, 183
6299, 51
6300, 53
6301, 56
6302, 233
6303, 91
6304, 166
6305, 24
6306, 86
6307, 160
6308, 183
6309, 238
6310, 233
6311, 114
6312, 181
6313, 169
6314, 57
6315, 142
6316, 212
6317, 33
6318, 178
6319, 81
6320, 112
6321, 126
6322, 12
6323, 14
6324, 11
6325, 140
6326, 138
6327, 1
6328, 14
6329, 20
6330, 183
6331, 70
6332, 35
6333, 157
6334, 2
6335, 196
6336, 169
6337, 132
6338, 96
6339, 109
6340, 30
6341, 41
6342, 57
6343, 80
6344, 106
6345, 36
6346, 85
6347, 184
6348, 59
6349, 186
6350, 126
6351, 61
6352, 180
6353, 130
6354, 219
6355, 23
6356, 73
6357, 131
6358, 241
6359, 66
6360, 112
6361, 214
6362, 37
6363, 89
6364, 77
6365, 91
6366, 65
6367, 89
6368, 43
6369, 172
6370, 28
6371, 266
6372, 233
6373, 213
6374, 173
6375, 315
6376, 147
6377, 2
6378, 191
6379, 348
6380, 37
6381, 235
6382, 94
6383, 321
6384, 324
6385, 308
6386, 130
6387, 96
6388, 27
6389, 148
6390, 174
6391, 95
6392, 26
6393, 237
6394, 38
6395, 131
6396, 157
6397, 59
6398, 49
6399, 191
6400, 47
6401, 95
6402, 142
6403, 43
6404, 115
6405, 43
6406, 293
6407, 31
6408, 31
6409, 27
6410, 72
6411, 127
6412, 34
6413, 233
6414, 252
6415, 48
6416, 20
6417, 48
6418, 202
6419, 39
6420, 126
6421, 139
6422, 62
6423, 23
6424, 161
6425, 57
6426, 211
6427, 160
6428, 3
6429, 26
6430, 133
6431, 107
6432, 47
6433, 51
6434, 99
6435, 220
6436, 142
6437, 13
6438, 318
6439, 38
6440, 65
6441, 91
6442, 34
6443, 27
6444, 83
6445, 335
6446, 118
6447, 194
6448, 112
6449, 26
6450, 3
6451, 87
6452, 67
6453, 26
6454, 59
6455, 273
6456, 20
6457, 60
6458, 1
6459, 86
6460, 39
6461, 214
6462, 252
6463, 173
6464, 115
6465, 122
6466, 59
6467, 57
6468, 16
6469, 25
6470, 234
6471, 117
6472, 144
6473, 34
6474, 16
6475, 41
6476, 100
6477, 47
6478, 364
6479, 233
6480, 136
6481, 152
6482, 1
6483, 163
6484, 180
6485, 67
6486, 7
6487, 178
6488, 147
6489, 146
6490, 50
6491, 24
6492, 81
6493, 167
6494, 10
6495, 41
6496, 65
6497, 182
6498, 21
6499, 9
6500, 416
6501, 145
6502, 145
6503, 142
6504, 20
6505, 139
6506, 244
6507, 77
6508, 118
6509, 50
6510, 171
6511, 108
6512, 276
6513, 185
6514, 16
6515, 163
6516, 126
6517, 174
6518, 162
6519, 57
6520, 130
6521, 169
6522, 170
6523, 12
6524, 55
6525, 20
6526, 85
6527, 1
6528, 112
6529, 12
6530, 219
6531, 147
6532, 65
6533, 276
6534, 169
6535, 174
6536, 112
6537, 66
6538, 5
6539, 24
6540, 174
6541, 102
6542, 106
6543, 3
6544, 124
6545, 66
6546, 47
6547, 118
6548, 152
6549, 170
6550, 47
6551, 237
6552, 28
6553, 92
6554, 133
6555, 113
6556, 79
6557, 4
6558, 96
6559, 136
6560, 123
6561, 7
6562, 163
6563, 28
6564, 148
6565, 256
6566, 143
6567, 5
6568, 217
6569, 89
6570, 1
6571, 131
6572, 68
6573, 25
6574, 171
6575, 151
6576, 119
6577, 59
6578, 221
6579, 77
6580, 206
6581, 119
6582, 185
6583, 21
6584, 236
6585, 227
6586, 244
6587, 24
6588, 95
6589, 17
6590, 112
6591, 128
6592, 61
6593, 163
6594, 74
6595, 96
6596, 202
6597, 151
6598, 81
6599, 28
6600, 27
6601, 95
6602, 134
6603, 73
6604, 224
6605, 103
6606, 95
6607, 114
6608, 19
6609, 43
6610, 137
6611, 59
6612, 65
6613, 122
6614, 129
6615, 172
6616, 104
6617, 43
6618, 107
6619, 56
6620, 208
6621, 340
6622, 204
6623, 68
6624, 268
6625, 4
6626, 18
6627, 37
6628, 22
6629, 36
6630, 96
6631, 28
6632, 95
6633, 84
6634, 90
6635, 4
6636, 22
6637, 132
6638, 88
6639, 123
6640, 85
6641, 1
6642, 186
6643, 17
6644, 62
6645, 305
6646, 25
6647, 87
6648, 143
6649, 134
6650, 138
6651, 128
6652, 150
6653, 189
6654, 78
6655, 245
6656, 145
6657, 55
6658, 59
6659, 20
6660, 31
6661, 34
6662, 225
6663, 84
6664, 30
6665, 55
6666, 84
6667, 101
6668, 136
6669, 339
6670, 64
6671, 139
6672, 69
6673, 115
6674, 14
6675, 185
6676, 115
6677, 107
6678, 154
6679, 146
6680, 78
6681, 156
6682, 80
6683, 137
6684, 21
6685, 4
6686, 32
6687, 61
6688, 220
6689, 7
6690, 56
6691, 37
6692, 189
6693, 143
6694, 56
6695, 17
6696, 62
6697, 252
6698, 146
6699, 10
6700, 43
6701, 172
6702, 252
6703, 52
6704, 49
6705, 182
6706, 94
6707, 40
6708, 246
6709, 119
6710, 131
6711, 167
6712, 3
6713, 184
6714, 208
6715, 55
6716, 129
6717, 9
6718, 46
6719, 25
6720, 99
6721, 206
6722, 111
6723, 263
6724, 92
6725, 16
6726, 241
6727, 149
6728, 126
6729, 60
6730, 70
6731, 76
6732, 30
6733, 184
6734, 106
6735, 59
6736, 109
6737, 101
6738, 188
6739, 23
6740, 387
6741, 132
6742, 186
6743, 33
6744, 103
6745, 280
6746, 4
6747, 120
6748, 18
6749, 155
6750, 1
6751, 133
6752, 90
6753, 103
6754, 11
6755, 50
6756, 176
6757, 76
6758, 30
6759, 74
6760, 231
6761, 46
6762, 65
6763, 113
6764, 153
6765, 268
6766, 198
6767, 311
6768, 185
6769, 1
6770, 24
6771, 83
6772, 44
6773, 31
6774, 61
6775, 28
6776, 99
6777, 126
6778, 166
6779, 22
6780, 4
6781, 1
6782, 30
6783, 263
6784, 159
6785, 121
6786, 88
6787, 139
6788, 180
6789, 281
6790, 108
6791, 27
6792, 43
6793, 52
6794, 90
6795, 106
6796, 71
6797, 211
6798, 131
6799, 259
6800, 259
6801, 92
6802, 164
6803, 10
6804, 114
6805, 273
6806, 244
6807, 83
6808, 222
6809, 190
6810, 196
6811, 174
6812, 78
6813, 36
6814, 34
6815, 86
6816, 12
6817, 85
6818, 32
6819, 40
6820, 169
6821, 272
6822, 170
6823, 103
6824, 240
6825, 28
6826, 166
6827, 193
6828, 259
6829, 99
6830, 140
6831, 149
6832, 227
6833, 43
6834, 302
6835, 42
6836, 23
6837, 135
6838, 123
6839, 211
6840, 50
6841, 149
6842, 60
6843, 161
6844, 141
6845, 28
6846, 130
6847, 20
6848, 68
6849, 71
6850, 21
6851, 16
6852, 87
6853, 32
6854, 101
6855, 120
6856, 124
6857, 222
6858, 80
6859, 64
6860, 171
6861, 171
6862, 48
6863, 227
6864, 14
6865, 415
6866, 98
6867, 183
6868, 167
6869, 11
6870, 89
6871, 77
6872, 62
6873, 43
6874, 272
6875, 16
6876, 85
6877, 162
6878, 274
6879, 93
6880, 31
6881, 126
6882, 100
6883, 169
6884, 64
6885, 170
6886, 258
6887, 216
6888, 42
6889, 5
6890, 244
6891, 174
6892, 49
6893, 187
6894, 50
6895, 225
6896, 177
6897, 164
6898, 134
6899, 104
6900, 25
6901, 221
6902, 15
6903, 131
6904, 42
6905, 206
6906, 213
6907, 11
6908, 238
6909, 131
6910, 143
6911, 75
6912, 122
6913, 74
6914, 62
6915, 283
6916, 70
6917, 69
6918, 86
6919, 42
6920, 167
6921, 198
6922, 130
6923, 85
6924, 125
6925, 177
6926, 88
6927, 57
6928, 195
6929, 172
6930, 96
6931, 137
6932, 250
6933, 122
6934, 197
6935, 202
6936, 39
6937, 209
6938, 74
6939, 278
6940, 159
6941, 161
6942, 236
6943, 187
6944, 4
6945, 85
6946, 18
6947, 46
6948, 27
6949, 185
6950, 67
6951, 19
6952, 43
6953, 24
6954, 164
6955, 75
6956, 63
6957, 153
6958, 7
6959, 14
6960, 73
6961, 172
6962, 62
6963, 234
6964, 67
6965, 77
6966, 15
6967, 47
6968, 141
6969, 1
6970, 135
6971, 182
6972, 114
6973, 64
6974, 122
6975, 53
6976, 218
6977, 176
6978, 769
6979, 844
6980, 950
6981, 810
6982, 836
6983, 901
6984, 744
6985, 881
6986, 850
6987, 740
6988, 743
6989, 844
6990, 828
6991, 828
6992, 765
6993, 908
6994, 795
6995, 653
6996, 640
6997, 712
6998, 964
6999, 717
7000, 613
7001, 598
7002, 690
7003, 574
7004, 770
7005, 563
7006, 0
7007, 57
7008, 76
7009, 151
7010, 35
7011, 41
7012, 118
7013, 74
7014, 44
7015, 225
7016, 219
7017, 200
7018, 194
7019, 191
7020, 99
7021, 23
7022, 13
7023, 166
7024, 73
7025, 41
7026, 169
7027, 39
7028, 66
7029, 108
7030, 282
7031, 182
7032, 87
7033, 89
7034, 44
7035, 274
7036, 92
7037, 23
7038, 101
7039, 28
7040, 202
7041, 69
7042, 314
7043, 56
7044, 87
7045, 112
7046, 45
7047, 152
7048, 149
7049, 82
7050, 11
7051, 5
7052, 80
7053, 151
7054, 279
7055, 222
7056, 169
7057, 48
7058, 18
7059, 41
7060, 139
7061, 121
7062, 252
7063, 7
7064, 309
7065, 142
7066, 47
7067, 237
7068, 56
7069, 57
7070, 164
7071, 94
7072, 313
7073, 145
7074, 41
7075, 39
7076, 172
7077, 168
7078, 144
7079, 18
7080, 211
7081, 32
7082, 42
7083, 153
7084, 174
7085, 158
7086, 156
7087, 193
7088, 353
7089, 36
7090, 210
7091, 172
7092, 265
7093, 85
7094, 24
7095, 78
7096, 50
7097, 105
7098, 150
7099, 54
7100, 221
7101, 133
7102, 34
7103, 48
7104, 306
7105, 180
7106, 72
7107, 67
7108, 128
7109, 171
7110, 28
7111, 229
7112, 99
7113, 40
7114, 80
7115, 165
7116, 143