3,29,34,36,40,48,52,56,60,
3,5,29,34,40,48,52,60,62,66,
3,5,7,9,29,34,36,40,48,52,56,58,60,62,66,
3,5,7,9,29,34,40,48,52,56,60,66,
3,7,29,34,36,40,48,52,56,58,66,
3,7,34,36,40,48,52,56,58,60,62,66,
5,25,29,34,36,40,48,52,56,58,60,66,
5,29,34,40,48,52,56,58,62,66,
5,29,34,40,52,56,58,60,66,
5,34,40,48,52,56,58,60,62,66,
5,7,29,34,40,48,52,58,60,62,
5,7,29,36,40,48,52,56,58,60,66,
5,7,29,36,40,48,52,58,60,66,
5,7,9,29,34,36,40,48,52,56,58,60,
7,29,34,40,48,52,56,58,60,64,66,
9,29,34,36,40,48,52,56,60,62,66,
