29,34,36,40,52,56,58,60,62,66,
3,25,29,34,36,40,48,52,56,58,60,66,
3,5,29,34,40,48,52,56,66,
3,5,29,40,48,52,56,58,60,66,
3,5,7,25,29,34,36,40,48,52,58,60,62,66,
3,5,7,29,34,40,48,52,58,60,64,66,
3,5,7,29,34,40,48,56,60,66,
3,7,29,34,36,40,42,48,52,56,58,60,64,66,72,
3,7,29,34,36,40,42,48,52,56,58,60,66,
5,29,34,36,40,42,48,52,56,60,64,66,
5,7,29,34,36,40,48,52,56,62,
5,7,29,40,48,52,60,66,
5,9,29,34,36,40,48,52,56,58,60,62,
7,29,34,40,48,52,58,62,66,
7,29,40,48,52,60,66,
7,34,36,40,48,52,56,58,60,
