29,34,36,40,48,52,56,58,
29,34,40,48,52,56,66,
3,5,29,34,36,40,48,56,58,60,62,66,
3,5,34,40,48,52,56,60,62,66,
3,5,7,25,29,34,40,48,52,56,60,62,66,
5,29,34,36,40,48,52,56,58,
5,7,25,29,34,36,40,48,52,60,
5,7,25,29,34,40,48,52,56,60,
5,7,29,34,36,40,42,48,52,58,60,62,66,
5,7,29,34,36,40,48,52,58,60,64,
5,7,29,34,40,42,48,52,56,58,60,62,64,66,
5,7,9,29,34,36,40,48,56,58,60,62,66,
5,7,9,29,34,40,42,48,52,56,58,60,66,
5,7,9,29,40,48,52,56,60,66,
5,7,9,34,36,40,48,52,56,60,62,66,
7,25,29,34,40,48,52,56,60,
7,29,34,36,40,48,52,56,60,64,
