2,23,28,34,36,39,53,63,93,116,
2,23,28,34,36,39,56,86,90,93,116,
2,23,28,34,36,53,56,59,90,93,116,
2,23,28,34,39,53,56,85,93,116,
2,23,28,34,39,53,56,86,90,93,116,
2,23,28,34,39,53,59,63,93,116,
2,23,28,34,53,59,63,86,90,93,116,
2,23,28,36,39,53,56,85,90,93,116,
2,23,28,36,53,56,63,86,90,93,116,
2,23,28,53,56,63,85,86,90,93,116,
2,23,34,36,39,56,59,63,86,93,116,
2,23,34,53,56,59,63,86,93,116,
2,23,34,53,56,63,86,93,116,
2,28,34,36,39,53,59,63,85,93,116,
23,28,34,36,39,53,56,59,85,86,90,93,116,
23,28,34,36,39,53,56,85,86,90,93,116,
23,28,34,39,56,63,86,93,116,
28,34,36,39,53,56,59,63,86,90,93,116,
28,34,39,53,56,63,85,86,90,93,116,
